2 126 2 214
0 0 0 0
0 0 0 0
0 0 0 0
0 0 0 0
0 0 0 0
0 0 0 0
0 0 0 0
0 0 0 0
0 0 0 0
0 0 0 0
0 0 0 0
0 0 0 0
0 0 0 0
11 4863 12 4523
4 494 6 553
0 0 0 0
0 0 0 0
0 0 0 0
0 0 0 0
9 1017 9 640
0 0 0 0
0 0 0 0
0 0 0 0
0 0 0 0
0 0 0 0
0 0 0 0
1 52 1 52
0 0 0 0
0 0 0 0
8 3452 11 4806
0 0 0 0
7 630 10 763
0 0 0 0
2 113 2 146
8 960 9 639
0 0 0 0
0 0 0 0
0 0 0 0
0 0 0 0
0 0 0 0
5 430 6 480
0 0 0 0
0 0 0 0
0 0 0 0
3 250 4 326
0 0 0 0
0 0 0 0
0 0 0 0
0 0 0 0
4 528 5 1235
0 0 0 0
0 0 0 0
4 376 5 506
0 0 0 0
1 61 1 107
5 372 6 482
24 5522 24 13410
464 667314 298 18907
694 1007688 436 24328
749 1087548 492 28088
825 1196509 530 30951
1059 1537668 729 41252
1061 1540572 669 38452
1177 1709004 743 42636
1121 1627692 676 38172
1155 1677060 681 38688
956 1388112 558 31940
967 1404084 633 36660
861 1250172 551 32428
1071 1552377 682 39872
1098 1594296 705 40616
9 13068 1 52
1071 1553692 693 40036
1059 1537668 659 38924
1008 1463616 630 36860
1117 1615160 706 43962
1438 2070855 944 56613
1454 2111208 918 52816
1221 1772892 752 42992
1183 1717716 780 45560
1248 1812096 813 47508
1270 1844040 798 46216
1541 2228269 1007 58638
1476 2143152 898 53449
1221 1772892 742 42256
828 1202256 454 24416
845 1226940 469 25376
1100 1597200 664 36212
2003 2908356 1213 67704
3545 5147340 1982 113440
3473 5042796 1960 110792
2172 3153744 1152 66412
966 1402632 492 29876
369 535748 433 27760
269 390294 355 22420
5 5869 140 8990
8 972 8 579
10 4277 8 2065
16 5786 27 11316
0 0 0 0
0 0 0 0
0 0 0 0
0 0 0 0
2 123 2 214
0 0 0 0
0 0 0 0
0 0 0 0
0 0 0 0
0 0 0 0
68 37560 87 73144
24 3869 46 43496
11 6948 15 6039
0 0 0 0
0 0 0 0
4 1941 3 176
433 37213 1236 1676507
144 13676 1092 1366156
72 16960 97 88642
72 15461 260 266436
36 5821 245 295002
85 8237 150 175241
45 18196 66 59733
13 6375 14 8012
87 19228 145 117140
50 7153 93 101532
80 17551 104 72949
44 4683 201 200341
8 1138 13 3635
23 7988 71 68616
3 3583 0 0
40 5939 109 112649
20 6055 28 11561
35 5115 83 64273
9 649 82 100166
6 1192 14 5032
0 0 0 0
0 0 2 158
18 7261 20 6439
27 17645 28 13624
0 0 0 0
3 894 4 269
8 1103 21 20970
2 274 3 2574
24 2796 23 8842
80 9128 73 31114
59 6997 56 18226
1 66 2 175
0 0 0 0
0 0 0 0
0 0 0 0
3 937 4 269
10 4792 11 4806
0 0 0 0
2 191 3 280
0 0 0 0
0 0 0 0
0 0 0 0
2 122 3 264
6 844 7 485
0 0 0 0
0 0 0 0
0 0 0 0
44 11381 68 60388
18 1634 57 63357
13 13508 7 427
5 2045 16 11312
3 241 4 332
2 104 2 104
0 0 0 0
3 941 4 269
3 156 3 156
0 0 0 0
0 0 0 0
0 0 0 0
4 367 5 386
2 104 2 177
0 0 0 0
6 488 7 541
4 239 4 313
0 0 0 0
0 0 0 0
0 0 0 0
0 0 0 0
2 104 2 104
1 64 1 107
0 0 0 0
0 0 0 0
0 0 0 0
0 0 0 0
0 0 0 0
0 0 0 0
0 0 0 0
0 0 0 0
0 0 0 0
0 0 0 0
0 0 0 0
0 0 0 0
0 0 0 0
17 8187 12 4528
34 7954 56 44380
0 0 0 0
7 8489 0 0
11 2467 20 11459
0 0 0 0
0 0 0 0
4 454 4 321
6 642 6 433
3 156 3 156
0 0 0 0
11 6453 15 6034
0 0 0 0
1 52 1 52
0 0 0 0
0 0 0 0
2 181 2 149
3 156 3 156
0 0 0 0
0 0 0 0
3 393 3 264
23 6458 27 7130
2 126 5 262
0 0 0 0
0 0 0 0
2 104 0 0
0 0 2 104
0 0 0 0
1 64 1 106
0 0 0 0
0 0 0 0
0 0 0 0
0 0 0 0
0 0 0 0
0 0 0 0
0 0 0 0
0 0 0 0
0 0 0 0
0 0 0 0
0 0 0 0
0 0 0 0
2 129 2 213
0 0 0 0
0 0 0 0
0 0 0 0
0 0 0 0
0 0 0 0
0 0 0 0
0 0 0 0
1 65 1 107
0 0 0 0
9 6218 11 4522
0 0 0 0
0 0 0 0
0 0 0 0
0 0 0 0
0 0 0 0
0 0 0 0
4 208 4 208
3 1040 4 252
0 0 0 0
10 4800 12 4450
7 666 9 800
0 0 0 0
0 0 0 0
0 0 0 0
0 0 0 0
0 0 0 0
0 0 0 0
2 332 2 158
6 622 7 487
2 104 3 156
0 0 0 0
0 0 0 0
9 3511 11 4801
0 0 0 0
2 192 3 280
0 0 0 0
0 0 0 0
0 0 0 0
0 0 0 0
5 776 6 410
3 188 4 339
0 0 0 0
0 0 0 0
5 498 5 382
0 0 0 0
0 0 0 0
0 0 0 0
3 251 4 386
0 0 0 0
0 0 0 0
0 0 0 0
0 0 0 0
0 0 0 0
0 0 0 0
0 0 0 0
2 189 3 280
0 0 0 0
0 0 0 0
2 189 3 280
3 342 4 1195
2 122 2 213
3 156 3 156
0 0 0 0
0 0 0 0
0 0 0 0
1 52 1 52
0 0 0 0
0 0 0 0
1 62 2 214
3 156 3 156
3 560 4 1197
0 0 0 0
0 0 0 0
0 0 0 0
1 52 1 52
0 0 0 0
0 0 0 0
0 0 0 0
2 104 2 104
0 0 0 0
2 125 2 214
95 21432 139 131364
2 127 3 233
23 17285 22 11697
0 0 0 0
0 0 0 0
0 0 0 0
0 0 0 0
0 0 0 0
8 964 10 754
0 0 0 0
0 0 0 0
0 0 0 0
0 0 0 0
0 0 0 0
0 0 0 0
3 345 4 1189
0 0 0 0
0 0 0 0
0 0 0 0
13 5120 16 5180
7 1124 9 643
1 61 1 106
0 0 0 0
0 0 0 0
0 0 0 0
3 156 3 156
0 0 0 0
0 0 0 0
1 61 1 106
1 52 1 52
0 0 0 0
0 0 0 0
0 0 0 0
3 156 0 0
2 104 5 333
0 0 0 0
4 208 4 354
2 104 2 177
1 52 1 52
0 0 0 0
5 269 5 460
1 61 1 107
2 104 2 104
0 0 0 0
4 220 4 427
1 52 1 52
0 0 0 0
0 0 0 0
0 0 0 0
1 61 1 107
0 0 0 0
5 260 4 354
0 0 0 0
0 0 0 0
0 0 0 0
0 0 0 0
0 0 0 0
0 0 0 0
0 0 0 0
0 0 0 0
1 61 1 107
0 0 0 0
13 4070 17 4981
0 0 0 0
0 0 0 0
0 0 0 0
0 0 0 0
0 0 0 0
0 0 0 0
9 1035 9 650
0 0 0 0
0 0 0 0
9 3510 12 4859
0 0 0 0
2 192 3 282
0 0 0 0
0 0 0 0
0 0 0 0
0 0 0 0
0 0 0 0
0 0 0 0
11 1371 11 812
0 0 0 0
5 436 7 718
0 0 0 0
0 0 0 0
0 0 0 0
5 374 7 710
0 0 0 0
1 62 1 106
0 0 0 0
11 6951 15 5883
0 0 0 0
0 0 0 0
0 0 0 0
2 189 3 280
0 0 0 0
0 0 0 0
3 249 4 325
4 2396 4 1434
0 0 0 0
1 62 1 106
0 0 0 0
1 62 1 107
0 0 0 0
0 0 0 0
0 0 0 0
0 0 0 0
4 2375 4 1247
0 0 0 0
1 64 2 214
0 0 0 0
0 0 0 0
0 0 0 0
0 0 0 0
0 0 0 0
0 0 0 0
0 0 0 0
0 0 0 0
0 0 0 0
0 0 0 0
0 0 0 0
2 130 2 214
15 4425 15 4821
1 67 2 175
0 0 0 0
0 0 0 0
0 0 0 0
0 0 0 0
0 0 0 0
8 1174 9 645
0 0 0 0
0 0 0 0
0 0 0 0
0 0 0 0
0 0 0 0
0 0 0 0
0 0 0 0
4 3203 0 0
38 13367 61 60025
188 26220 509 595864
3 485 4 698
26 21366 25 11628
7 906 10 750
0 0 0 0
0 0 0 0
0 0 0 0
0 0 0 0
0 0 0 0
0 0 0 0
1 61 1 106
0 0 0 0
0 0 0 0
0 0 0 0
0 0 0 0
0 0 0 0
0 0 0 0
0 0 0 0
0 0 0 0
0 0 0 0
0 0 0 0
0 0 0 0
0 0 0 0
1 61 1 107
1 61 1 106
0 0 0 0
0 0 0 0
0 0 0 0
0 0 0 0
0 0 0 0
0 0 0 0
1 61 1 107
0 0 0 0
0 0 0 0
0 0 0 0
0 0 0 0
0 0 0 0
0 0 0 0
0 0 0 0
0 0 0 0
0 0 0 0
0 0 0 0
0 0 0 0
0 0 0 0
14 4133 18 5095
0 0 0 0
0 0 0 0
0 0 0 0
0 0 0 0
0 0 0 0
0 0 0 0
0 0 0 0
8 973 10 757
11 6070 12 6084
0 0 0 0
2 193 3 282
0 0 0 0
0 0 0 0
0 0 0 0
0 0 0 0
0 0 0 0
0 0 0 0
0 0 0 0
0 0 0 0
4 312 5 492
8 969 9 644
0 0 0 0
0 0 0 0
3 250 4 325
0 0 0 0
0 0 0 0
0 0 0 0
1 61 1 106
0 0 0 0
0 0 0 0
0 0 0 0
2 189 3 280
0 0 0 0
0 0 0 0
2 189 3 280
0 0 0 0
0 0 0 0
0 0 0 0
0 0 0 0
0 0 0 0
1 61 1 107
2 123 2 212
0 0 0 0
0 0 0 0
0 0 0 0
0 0 0 0
0 0 0 0
1 62 1 107
0 0 0 0
0 0 0 0
0 0 0 0
0 0 0 0
0 0 0 0
0 0 0 0
0 0 0 0
0 0 0 0
0 0 0 0
0 0 0 0
0 0 0 0
0 0 0 0
2 124 2 158
17 5918 20 6085
55 16901 83 69644
28 1857 55 62533
22 15335 23 12440
1 61 1 53
0 0 0 0
3 392 5 362
8 1462 6 399
0 0 0 0
0 0 0 0
0 0 0 0
0 0 0 0
0 0 0 0
0 0 0 0
0 0 0 0
13 3901 17 5246
0 0 0 0
0 0 0 0
0 0 0 0
0 0 0 0
1 61 1 107
10 1471 13 1817
0 0 0 0
0 0 0 0
0 0 0 0
0 0 0 0
1 61 1 107
0 0 0 0
0 0 0 0
0 0 0 0
0 0 0 0
0 0 0 0
0 0 0 0
0 0 0 0
0 0 0 0
0 0 0 0
0 0 0 0
0 0 0 0
0 0 0 0
0 0 0 0
1 61 1 108
2 123 2 214
0 0 0 0
0 0 0 0
0 0 0 0
0 0 0 0
18 2619 18 2414
6 841 8 1498
0 0 0 0
0 0 0 0
0 0 0 0
0 0 0 0
0 0 0 0
0 0 0 0
0 0 0 0
0 0 0 0
0 0 0 0
0 0 0 0
0 0 0 0
0 0 0 0
9 1443 6 410
4 731 7 450
1 61 1 108
0 0 0 0
0 0 0 0
0 0 0 0
0 0 0 0
1 62 2 214
10 4791 12 4865
0 0 0 0
3 250 4 333
0 0 0 0
0 0 0 0
0 0 0 0
0 0 0 0
0 0 0 0
0 0 0 0
0 0 0 0
0 0 0 0
3 249 4 326
0 0 0 0
2 126 2 214
