1 61 1 107
0 0 0 0
0 0 0 0
2 190 3 280
0 0 0 0
0 0 0 0
3 250 4 325
0 0 0 0
0 0 0 0
0 0 0 0
0 0 0 0
0 0 0 0
0 0 0 0
0 0 0 0
2 123 2 216
0 0 0 0
1 62 1 107
0 0 0 0
0 0 0 0
0 0 0 0
8 967 9 648
0 0 0 0
0 0 0 0
0 0 0 0
0 0 0 0
0 0 0 0
0 0 0 0
0 0 0 0
0 0 0 0
0 0 0 0
4 948 2 179
18 3112 23 3505
0 0 1 54
0 0 0 0
0 0 0 0
0 0 0 0
1 61 1 108
0 0 0 0
0 0 0 0
0 0 0 0
15 3286 14 9218
1 61 1 106
0 0 0 0
0 0 0 0
0 0 0 0
3 681 1 60
17 4247 16 11836
172 245742 98 6706
238 327647 174 14715
174 252648 127 6628
239 347028 160 8392
280 405169 171 9079
242 348606 171 9028
244 354288 159 8340
220 319440 150 7824
161 217310 108 11762
527 757093 353 21312
532 742692 303 51233
413 586114 207 11204
355 504114 232 12206
405 575324 194 12789
374 527804 238 25412
417 603732 194 12724
180 258586 103 5537
105 149682 154 11792
210 303354 247 20954
379 550308 287 21736
235 318855 235 15530
158 227550 147 9704
127 184056 165 13200
210 295112 164 21558
155 213905 88 11466
142 192609 135 13402
242 349468 181 14407
247 343875 246 30345
355 515460 173 11988
83 119126 96 7254
247 357075 190 15200
463 663885 368 24852
3 186 222 11843
7 909 10 1733
2 113 3 969
1 61 3 690
5 3204 0 0
37 17051 49 15899
62 18429 131 125113
0 0 0 0
12 12972 1 58
0 0 0 0
2 1330 1 52
8 4735 20 11536
0 0 0 0
0 0 0 0
1 61 1 106
0 0 0 0
0 0 0 0
0 0 0 0
0 0 0 0
0 0 0 0
0 0 0 0
1 61 1 107
11 6067 13 6146
1 61 1 108
3 253 4 452
0 0 0 0
0 0 0 0
0 0 0 0
0 0 0 0
0 0 0 0
0 0 0 0
0 0 0 0
0 0 0 0
3 249 4 452
0 0 0 0
1 61 1 107
0 0 0 0
2 189 3 280
0 0 0 0
0 0 0 0
0 0 0 0
0 0 0 0
0 0 0 0
1 61 1 107
1 61 1 108
2 189 3 280
0 0 0 0
0 0 0 0
2 190 3 280
0 0 0 0
0 0 0 0
0 0 0 0
0 0 0 0
0 0 0 0
0 0 0 0
1 52 1 52
14 4369 15 4814
1 68 2 187
0 0 0 0
0 0 0 0
0 0 0 0
0 0 0 0
2 331 2 159
7 707 8 549
3 391 3 216
7 720 7 499
0 0 0 0
0 0 0 0
0 0 0 0
0 0 0 0
0 0 0 0
0 0 0 0
0 0 0 0
0 0 0 0
0 0 0 0
0 0 0 0
1 61 1 107
0 0 0 0
0 0 0 0
0 0 0 0
0 0 0 0
0 0 3 957
21 10954 24 10858
0 0 0 0
2 123 2 214
1 62 1 108
0 0 0 0
0 0 0 0
0 0 0 0
0 0 0 0
0 0 0 0
0 0 0 0
0 0 0 0
0 0 0 0
0 0 0 0
0 0 0 0
0 0 0 0
1 62 1 108
0 0 0 0
0 0 0 0
0 0 0 0
0 0 0 0
0 0 0 0
1 62 1 108
1 52 1 52
1 63 1 108
0 0 0 0
0 0 0 0
0 0 0 0
0 0 0 0
0 0 0 0
0 0 0 0
0 0 0 0
0 0 0 0
0 0 0 0
0 0 0 0
0 0 0 0
13 6693 17 6166
1 68 2 187
0 0 0 0
0 0 0 0
0 0 0 0
0 0 0 0
0 0 0 0
6 854 7 475
3 398 4 347
13 1550 15 2081
0 0 0 0
0 0 0 0
0 0 0 0
0 0 0 0
0 0 0 0
0 0 0 0
0 0 0 0
0 0 0 0
0 0 0 0
0 0 0 0
0 0 0 0
1 61 1 107
0 0 0 0
0 0 0 0
0 0 0 0
0 0 0 0
9 4684 11 4805
1 61 1 107
2 192 3 280
1 61 1 107
0 0 0 0
0 0 0 0
1 52 1 52
0 0 0 0
0 0 0 0
0 0 0 0
0 0 0 0
4 374 5 506
0 0 0 0
0 0 0 0
0 0 0 0
18 10742 18 7704
44 7365 80 74470
3 482 4 593
50 21568 71 65204
0 0 1 53
0 0 0 0
0 0 0 0
1 61 1 108
3 249 4 325
1 61 1 108
0 0 0 0
4 310 5 375
0 0 0 0
0 0 0 0
0 0 0 0
0 0 0 0
0 0 0 0
0 0 0 0
0 0 0 0
0 0 0 0
0 0 0 0
15 6826 17 6159
1 68 2 187
0 0 0 0
0 0 0 0
0 0 0 0
0 0 0 0
9 1265 8 532
1 68 2 187
9 1063 9 718
0 0 1 54
0 0 0 0
0 0 0 0
0 0 0 0
0 0 0 0
0 0 0 0
1 52 1 52
0 0 0 0
0 0 0 0
0 0 0 0
0 0 0 0
1 61 1 107
0 0 0 0
2 116 2 250
1 52 1 52
14 5180 17 5240
0 0 0 0
0 0 0 0
2 126 3 321
1 52 1 52
0 0 0 0
7 454 7 529
0 0 0 0
0 0 0 0
0 0 0 0
0 0 0 0
0 0 0 0
0 0 0 0
0 0 0 0
0 0 0 0
0 0 0 0
0 0 0 0
1 68 1 108
0 0 0 0
0 0 0 0
0 0 0 0
0 0 0 0
0 0 0 0
1 68 1 108
0 0 0 0
1 68 1 108
0 0 0 0
0 0 0 0
0 0 0 0
0 0 0 0
0 0 0 0
0 0 0 0
0 0 0 0
0 0 0 0
0 0 0 0
0 0 0 0
0 0 0 0
0 0 0 0
13 4109 17 5000
1 52 1 52
0 0 0 0
0 0 0 0
0 0 0 0
14 2016 18 2227
1 68 1 54
7 1150 9 660
0 0 0 0
0 0 0 0
0 0 0 0
0 0 0 0
0 0 0 0
0 0 0 0
0 0 0 0
0 0 0 0
0 0 0 0
0 0 0 0
0 0 0 0
0 0 0 0
1 61 1 107
0 0 0 0
0 0 0 0
9 3510 12 4862
0 0 0 0
4 311 6 492
0 0 0 0
1 61 1 107
0 0 0 0
0 0 0 0
38 9671 61 58854
34 6633 58 66635
19 14447 18 12332
4 2051 5 298
4 309 6 543
0 0 0 0
0 0 0 0
0 0 0 0
2 189 3 280
0 0 0 0
0 0 0 0
2 123 2 216
0 0 0 0
0 0 0 0
0 0 0 0
0 0 0 0
3 251 4 388
0 0 0 0
1 62 1 108
3 249 4 325
0 0 0 0
0 0 0 0
0 0 0 0
0 0 0 0
0 0 0 0
0 0 0 0
0 0 0 0
0 0 0 0
0 0 0 0
0 0 0 0
0 0 0 0
24 6400 25 9914
12 2794 11 7005
1174 1700646 749 45026
1604 2329008 986 56780
1553 2247078 982 58123
1724 2495823 1053 60785
1476 2140297 950 55149
0 0 0 0
10 1129 11 2343
19 10883 20 7215
5 308 11 5051
0 0 0 0
0 0 0 0
0 0 0 0
0 0 0 0
0 0 0 0
0 0 0 0
0 0 0 0
0 0 0 0
0 0 0 0
0 0 0 0
2 126 2 216
0 0 0 0
0 0 0 0
0 0 0 0
0 0 0 0
1 64 1 108
0 0 0 0
0 0 0 0
2 130 2 216
0 0 0 0
0 0 0 0
0 0 0 0
0 0 0 0
0 0 0 0
0 0 0 0
0 0 0 0
10 4796 12 5453
32 6460 58 66185
0 0 0 0
0 0 0 0
1 66 1 108
0 0 0 0
28 23363 26 11649
0 0 0 0
0 0 0 0
1 66 1 108
0 0 0 0
0 0 0 0
1 66 1 108
0 0 0 0
0 0 0 0
0 0 0 0
0 0 0 0
0 0 0 0
20 1732 57 62597
0 0 0 0
0 0 0 0
28 6047 47 52158
36 14560 60 58697
0 0 0 0
14 5604 19 6350
0 0 0 0
0 0 0 0
18 10930 20 8657
0 0 0 0
1 62 3 268
8 1217 7 507
0 0 0 0
7 926 8 581
1 68 2 188
0 0 0 0
0 0 0 0
0 0 0 0
0 0 0 0
0 0 0 0
0 0 0 0
0 0 0 0
0 0 0 0
0 0 0 0
0 0 0 0
2 123 2 214
0 0 0 0
9 4684 12 4871
0 0 0 0
2 193 3 280
0 0 0 0
1 62 1 107
0 0 0 0
0 0 0 0
1 62 1 107
0 0 0 0
0 0 0 0
16 9431 16 5454
7 496 14 5467
0 0 0 0
0 0 0 0
0 0 0 0
4 376 5 506
0 0 0 0
0 0 0 0
0 0 0 0
1 63 1 108
0 0 0 0
0 0 0 0
0 0 0 0
3 315 4 334
1 63 1 108
0 0 0 0
3 249 4 326
0 0 0 0
1 63 1 108
0 0 0 0
0 0 0 0
0 0 0 0
0 0 0 0
0 0 0 0
0 0 0 0
0 0 0 0
0 0 0 0
0 0 0 0
0 0 0 0
13 4326 17 5003
0 0 0 0
3 379 4 1213
0 0 0 0
0 0 0 0
0 0 2 160
7 1154 7 503
0 0 0 0
0 0 0 0
2 330 3 216
5 605 6 445
0 0 0 0
0 0 0 0
0 0 0 0
0 0 0 0
0 0 0 0
0 0 0 0
0 0 0 0
0 0 0 0
0 0 0 0
1 61 1 107
0 0 0 0
0 0 0 0
0 0 0 0
0 0 0 0
0 0 0 0
1 61 1 107
0 0 0 0
0 0 0 0
0 0 0 0
1 62 2 214
0 0 0 0
0 0 0 0
9 5248 13 5840
0 0 0 0
0 0 0 0
0 0 0 0
12 4011 12 3045
1 60 0 0
0 0 0 0
0 0 0 0
1 62 1 108
0 0 0 0
0 0 0 0
0 0 0 0
0 0 0 0
0 0 0 0
1 62 1 108
0 0 0 0
0 0 0 0
0 0 0 0
4 763 5 1365
0 0 0 0
0 0 0 0
0 0 0 0
0 0 0 0
0 0 0 0
7 364 3 144
1 52 0 0
1 52 0 0
0 0 0 0
1 52 0 0
14 5605 17 4996
0 0 0 0
0 0 0 0
