2 114 2 107
0 0 0 0
0 0 0 0
24 16335 24 7952
2 123 2 212
2 124 2 214
0 0 0 0
0 0 0 0
0 0 0 0
0 0 0 0
0 0 0 0
0 0 0 0
0 0 0 0
0 0 0 0
0 0 0 0
16 3087 10 10681
28 29447 11 2939
805 1038450 525 30636
1214 1566060 756 42672
1150 1483500 716 40276
1741 2237498 994 55836
1821 2349090 1032 56876
1750 2257086 1058 58596
0 0 0 0
15 5605 20 7125
32 10167 42 11541
1 61 1 106
0 0 0 0
0 0 0 0
0 0 0 0
0 0 0 0
0 0 0 0
0 0 0 0
6 6463 8 8581
46 8469 52 48098
89 11391 137 155511
6 699 6 2965
119 23007 225 249009
9 772 13 4579
166 18260 246 285416
31 2088 40 63553
7 2432 6 547
26 8281 30 12981
185 15635 273 324293
33 3269 29 11372
42 9826 53 52581
10 4592 9 604
57 4553 81 98569
55 4921 83 96294
1 64 3 650
2 184 2 154
0 0 0 0
0 0 0 0
0 0 0 0
0 0 0 0
0 0 0 0
0 0 0 0
0 0 0 0
0 0 0 0
0 0 0 0
0 0 0 0
1 57 1 53
0 0 0 0
19 12206 24 9761
2 123 2 214
0 0 0 0
2 124 2 214
0 0 0 0
0 0 0 0
0 0 0 0
0 0 0 0
0 0 0 0
0 0 0 0
0 0 0 0
0 0 0 0
0 0 0 0
0 0 0 0
0 0 0 0
12 3846 17 5244
0 0 0 0
0 0 0 0
1 57 1 53
0 0 0 0
0 0 0 0
0 0 0 0
16 6980 20 7881
2 335 2 158
12 1461 16 1092
1 52 1 52
0 0 0 0
2 194 3 282
9 820 12 923
2 189 3 280
0 0 0 0
0 0 0 0
21 9788 30 13148
0 0 0 0
0 0 0 0
0 0 0 0
0 0 0 0
0 0 0 0
0 0 0 0
0 0 0 0
0 0 0 0
0 0 0 0
1 61 1 107
10 5185 13 5859
1 61 1 107
0 0 0 0
0 0 0 0
0 0 0 0
2 180 2 149
0 0 0 0
0 0 0 0
12 5164 16 15592
0 0 0 0
0 0 0 0
21 14185 19 14486
32 1947 82 94826
79 16433 134 148870
18 5560 63 67478
10 4517 20 14774
12 5026 18 15119
0 0 0 0
18 7067 23 15616
3 185 5 690
0 0 0 0
3 839 4 318
1 62 1 107
0 0 0 0
0 0 0 0
0 0 0 0
0 0 0 0
1 52 1 52
0 0 0 0
3 271 12 11939
0 0 0 0
3 1501 4 267
0 0 0 0
0 0 0 0
0 0 0 0
0 0 0 0
1 57 1 53
0 0 0 0
13 2919 10 7063
2269 2917388 1288 77043
52 67080 7 376
6197 7980473 3781 208631
9 1683 11 727
2 117 3 982
23 9175 21 5872
5 308 11 5271
0 0 0 0
0 0 0 0
11 4852 13 6138
8 767 11 893
3 315 4 334
0 0 0 0
0 0 0 0
0 0 0 0
0 0 0 0
0 0 0 0
0 0 0 0
0 0 0 0
0 0 0 0
1 57 1 53
0 0 0 0
0 0 0 0
1 61 1 107
1 62 2 214
2 126 2 214
0 0 0 0
0 0 0 0
0 0 0 0
0 0 0 0
0 0 0 0
2 786 3 211
0 0 0 0
0 0 0 0
1 52 1 52
0 0 0 0
0 0 0 0
0 0 0 0
0 0 0 0
21 5427 29 8421
0 0 0 0
0 0 0 0
0 0 0 0
1 62 2 214
2 126 2 214
1 64 1 107
0 0 0 0
0 0 0 0
0 0 0 0
0 0 0 0
0 0 0 0
55 11720 78 63816
1 61 4 404
0 0 0 0
0 0 0 0
0 0 0 0
0 0 0 0
0 0 0 0
0 0 0 0
1 57 0 0
5 4177 3 163
16 1826 93 110961
0 0 0 0
6 1099 7 503
2 126 4 331
7 1112 9 636
4 512 7 479
0 0 0 0
0 0 0 0
0 0 0 0
0 0 0 0
0 0 0 0
0 0 0 0
0 0 0 0
0 0 0 0
0 0 0 0
0 0 0 0
0 0 0 0
0 0 0 0
1 52 1 52
0 0 0 0
13 3898 18 5288
0 0 0 0
0 0 0 0
3 254 4 388
10 872 13 1030
22 8695 30 11141
0 0 0 0
0 0 0 0
0 0 0 0
0 0 0 0
0 0 0 0
0 0 0 0
0 0 0 0
0 0 0 0
0 0 0 0
0 0 0 0
0 0 0 0
0 0 0 0
0 0 0 0
0 0 0 0
1 57 1 53
0 0 0 0
0 0 0 0
0 0 0 0
1 62 2 214
3 188 3 321
0 0 0 0
0 0 0 0
0 0 0 0
0 0 0 0
1 52 1 52
0 0 0 0
0 0 0 0
0 0 0 0
0 0 0 0
0 0 0 0
0 0 0 0
0 0 0 0
0 0 0 0
1 52 1 52
1 57 1 53
0 0 0 0
0 0 0 0
20 4928 15 11890
1801 2306604 695 43237
6721 8657768 3030 157740
7 903 9 612
1 52 1 809
22 12253 32 15224
0 0 0 0
0 0 0 0
0 0 0 0
0 0 0 0
0 0 0 0
0 0 0 0
2 104 2 177
0 0 0 0
0 0 0 0
0 0 0 0
0 0 0 0
0 0 0 0
0 0 0 0
0 0 0 0
1 57 1 53
0 0 0 0
2 124 3 321
1 62 1 107
0 0 0 0
0 0 0 0
0 0 0 0
0 0 0 0
0 0 0 0
0 0 0 0
0 0 0 0
0 0 0 0
0 0 0 0
0 0 0 0
0 0 0 0
0 0 0 0
0 0 0 0
0 0 0 0
1 57 1 53
0 0 0 0
0 0 0 0
0 0 0 0
0 0 0 0
2 122 2 214
1 61 1 107
0 0 0 0
0 0 0 0
0 0 0 0
0 0 0 0
0 0 0 0
8 4625 11 4807
9 814 12 937
2 190 3 280
0 0 0 0
0 0 0 0
0 0 0 0
0 0 0 0
0 0 0 0
0 0 0 0
1 57 1 53
0 0 0 0
0 0 0 0
0 0 0 0
21 5270 26 5618
9 1530 10 671
16 4188 13 11804
4 1757 3 1916
1 52 1 810
16 9482 17 6719
5 314 11 5378
0 0 0 0
0 0 0 0
0 0 0 0
0 0 0 0
0 0 0 0
0 0 0 0
0 0 0 0
0 0 0 0
0 0 0 0
0 0 0 0
0 0 0 0
0 0 0 0
0 0 0 0
1 57 1 53
3 183 3 321
0 0 0 0
0 0 0 0
0 0 0 0
0 0 0 0
0 0 0 0
0 0 0 0
0 0 0 0
12 1405 17 6502
0 0 0 0
0 0 0 0
0 0 0 0
0 0 0 0
0 0 0 0
0 0 0 0
0 0 0 0
0 0 0 0
0 0 0 0
0 0 0 0
0 0 0 0
2 124 2 214
1 62 1 107
0 0 0 0
0 0 0 0
0 0 0 0
0 0 0 0
0 0 0 0
0 0 0 0
0 0 0 0
0 0 0 0
0 0 0 0
0 0 0 0
1 52 1 52
0 0 0 0
0 0 0 0
1 57 1 53
1 52 1 52
0 0 0 0
0 0 0 0
0 0 0 0
16 6993 20 7901
16 1944 19 1348
0 0 0 0
0 0 0 0
0 0 0 0
0 0 0 0
0 0 0 0
0 0 0 0
0 0 0 0
0 0 0 0
0 0 0 0
0 0 0 0
0 0 0 0
0 0 0 0
0 0 0 0
0 0 0 0
1 57 1 54
0 0 0 0
0 0 0 0
0 0 0 0
2 123 2 214
2 124 2 214
23 8698 26 10448
0 0 0 0
0 0 0 0
0 0 0 0
0 0 0 0
0 0 0 0
0 0 0 0
0 0 0 0
0 0 0 0
19 12217 22 8184
0 0 0 0
0 0 0 0
10 4784 14 6204
9 816 12 924
5 432 6 433
0 0 0 0
0 0 0 0
0 0 0 0
0 0 0 0
1 61 1 108
1 61 2 216
0 0 0 0
0 0 0 0
0 0 0 0
0 0 0 0
0 0 0 0
0 0 0 0
0 0 0 0
0 0 0 0
0 0 0 0
0 0 0 0
0 0 0 0
0 0 0 0
0 0 0 0
0 0 0 0
1 57 1 54
0 0 0 0
0 0 0 0
0 0 0 0
0 0 0 0
16 6995 21 8023
13 1760 16 1164
19 4876 15 11913
6685 8621521 3323 184461
1813 2338356 1403 77360
0 0 0 0
1 52 1 809
23 11143 30 13540
0 0 0 0
0 0 0 0
0 0 0 0
0 0 0 0
0 0 0 0
0 0 0 0
0 0 0 0
0 0 0 0
0 0 0 0
0 0 0 0
0 0 0 0
0 0 0 0
1 61 1 108
0 0 0 0
3 185 3 324
0 0 0 0
0 0 0 0
0 0 0 0
0 0 0 0
0 0 0 0
0 0 0 0
6 963 10 3383
0 0 0 0
0 0 0 0
0 0 0 0
0 0 0 0
0 0 0 0
0 0 0 0
0 0 0 0
0 0 0 0
0 0 0 0
0 0 0 0
0 0 0 0
1 61 1 108
2 124 3 324
0 0 0 0
0 0 0 0
0 0 0 0
0 0 0 0
0 0 0 0
0 0 0 0
0 0 0 0
0 0 0 0
0 0 0 0
0 0 0 0
0 0 0 0
0 0 0 0
1 52 1 52
0 0 0 0
1 57 1 54
0 0 0 0
1 52 1 52
0 0 0 0
13 4295 18 5097
13 1763 18 1271
0 0 0 0
0 0 0 0
0 0 0 0
0 0 0 0
0 0 0 0
0 0 0 0
0 0 0 0
0 0 0 0
0 0 0 0
0 0 0 0
0 0 0 0
0 0 0 0
0 0 0 0
13 6109 17 6380
1 57 1 54
0 0 0 0
0 0 0 0
0 0 0 0
1 62 2 214
1 62 1 107
2 126 2 214
0 0 0 0
22 8640 28 12014
0 0 0 0
0 0 0 0
0 0 0 0
0 0 0 0
0 0 0 0
0 0 0 0
0 0 0 0
8 3450 11 4807
9 816 12 938
2 189 3 280
0 0 0 0
0 0 0 0
0 0 0 0
0 0 0 0
1 57 1 54
2 123 2 216
1 62 1 108
1 62 1 108
0 0 0 0
0 0 0 0
0 0 0 0
0 0 0 0
0 0 0 0
0 0 0 0
0 0 0 0
0 0 0 0
0 0 0 0
0 0 0 0
0 0 0 0
0 0 0 0
0 0 0 0
1 57 1 54
0 0 0 0
1 52 1 52
0 0 0 0
1 61 2 164
13 4439 16 4875
8 980 9 655
7 906 9 649
0 0 0 0
0 0 0 0
0 0 0 0
0 0 0 0
0 0 0 0
0 0 0 0
0 0 0 0
0 0 0 0
0 0 0 0
0 0 0 0
0 0 0 0
0 0 0 0
0 0 0 0
0 0 0 0
1 57 1 54
0 0 0 0
0 0 0 0
1 61 2 214
0 0 0 0
0 0 0 0
1 61 1 107
0 0 0 0
0 0 0 0
0 0 0 0
0 0 0 0
0 0 0 0
0 0 0 0
0 0 0 0
0 0 0 0
0 0 0 0
0 0 0 0
0 0 0 0
0 0 0 0
0 0 0 0
0 0 0 0
1 57 1 54
0 0 0 0
0 0 0 0
2 122 2 216
0 0 0 0
1 61 1 108
0 0 0 0
0 0 0 0
0 0 0 0
0 0 0 0
0 0 0 0
0 0 0 0
0 0 0 0
0 0 0 0
0 0 0 0
0 0 0 0
0 0 0 0
0 0 0 0
0 0 0 0
0 0 0 0
1 57 1 54
0 0 0 0
0 0 0 0
13 4073 17 4991
7 909 9 622
2 332 3 216
34 5970 28 12677
6365 8208721 3490 191349
2132 2749866 1376 74688
1 52 1 809
20 8508 28 12051
0 0 0 0
0 0 0 0
0 0 0 0
0 0 0 0
0 0 0 0
0 0 0 0
0 0 0 0
0 0 0 0
0 0 0 0
0 0 0 0
0 0 0 0
0 0 0 0
1 61 1 108
7 373 5 292
0 0 0 0
