286 347177 101 18199
8230 10615048 5058 278420
0 0 0 0
1 52 1 809
11 1347 17 6573
0 0 0 0
1 62 1 108
0 0 0 0
2 124 2 216
0 0 0 0
0 0 0 0
0 0 0 0
0 0 0 0
0 0 0 0
0 0 0 0
9 1234 12 4553
2 124 4 1683
0 0 0 0
0 0 0 0
0 0 0 0
0 0 0 0
0 0 0 0
0 0 0 0
0 0 0 0
0 0 0 0
0 0 0 0
0 0 0 0
1 63 1 108
2 126 2 216
0 0 0 0
0 0 0 0
0 0 0 0
0 0 0 0
0 0 0 0
0 0 0 0
0 0 0 0
0 0 0 0
0 0 0 0
0 0 0 0
0 0 0 0
0 0 0 0
0 0 0 0
0 0 0 0
1 57 1 54
0 0 0 0
0 0 0 0
0 0 0 0
6 4554 2 160
17 3349 27 8349
7 906 9 649
0 0 0 0
0 0 0 0
0 0 0 0
21 9789 31 13795
0 0 0 0
0 0 0 0
0 0 0 0
0 0 0 0
0 0 0 0
0 0 0 0
0 0 0 0
0 0 0 0
0 0 0 0
19 4876 15 11984
1545 1989695 800 46816
6953 8968956 4124 230460
0 0 0 0
1 52 1 809
2 118 2 162
2 124 3 324
0 0 0 0
43 13751 53 19688
0 0 0 0
0 0 0 0
0 0 0 0
8 1164 10 3637
0 0 0 0
11 7245 14 7431
9 826 12 931
2 189 3 280
12 1407 16 6338
0 0 0 0
0 0 0 0
0 0 0 0
0 0 0 0
0 0 0 0
0 0 0 0
0 0 0 0
2 123 2 216
2 124 2 216
0 0 0 0
0 0 0 0
0 0 0 0
0 0 0 0
0 0 0 0
0 0 0 0
0 0 0 0
0 0 0 0
0 0 0 0
0 0 0 0
0 0 0 0
0 0 0 0
0 0 0 0
0 0 0 0
2 114 1 55
0 0 0 0
0 0 0 0
0 0 0 0
0 0 0 0
22 6624 26 7075
8 975 11 798
0 0 0 0
0 0 0 0
0 0 0 0
0 0 0 0
0 0 0 0
0 0 0 0
0 0 0 0
0 0 0 0
0 0 0 0
0 0 0 0
0 0 0 0
0 0 0 0
0 0 0 0
0 0 0 0
1 57 1 54
0 0 0 0
0 0 0 0
0 0 0 0
3 188 4 428
1 64 1 107
0 0 0 0
0 0 0 0
0 0 0 0
0 0 0 0
0 0 0 0
0 0 0 0
0 0 0 0
0 0 0 0
0 0 0 0
0 0 0 0
22 8639 27 10681
0 0 0 0
0 0 0 0
0 0 0 0
0 0 0 0
0 0 0 0
0 0 0 0
0 0 0 0
1 65 1 108
1 65 1 108
1 65 1 108
0 0 0 0
0 0 0 0
0 0 0 0
0 0 0 0
0 0 0 0
0 0 0 0
0 0 0 0
0 0 0 0
0 0 0 0
0 0 0 0
0 0 0 0
0 0 0 0
0 0 0 0
0 0 0 0
1 57 1 54
0 0 0 0
0 0 0 0
0 0 0 0
14 5525 19 5149
14 1828 16 1088
0 0 0 0
0 0 0 0
0 0 0 0
0 0 0 0
0 0 0 0
0 0 0 0
0 0 0 0
0 0 0 0
0 0 0 0
0 0 0 0
0 0 0 0
0 0 0 0
0 0 0 0
0 0 0 0
1 57 1 54
0 0 0 0
0 0 0 0
0 0 0 0
0 0 0 0
2 124 3 321
2 126 2 214
0 0 0 0
0 0 0 0
0 0 0 0
0 0 0 0
0 0 0 0
8 3452 11 4799
11 945 14 1055
4 379 3 282
0 0 0 0
0 0 0 0
0 0 0 0
0 0 0 0
0 0 0 0
0 0 0 0
1 57 1 54
0 0 0 0
0 0 0 0
0 0 0 0
2 122 2 216
2 123 2 216
0 0 0 0
0 0 0 0
0 0 0 0
0 0 0 0
0 0 0 0
0 0 0 0
0 0 0 0
0 0 0 0
0 0 0 0
0 0 0 0
0 0 0 0
0 0 0 0
0 0 0 0
0 0 0 0
1 57 1 54
0 0 0 0
0 0 0 0
0 0 0 0
21 5058 26 5592
0 0 0 0
7 907 9 650
0 0 0 0
0 0 0 0
0 0 0 0
0 0 0 0
0 0 0 0
0 0 0 0
1 52 1 52
0 0 0 0
0 0 0 0
1 52 1 52
0 0 0 0
0 0 0 0
0 0 0 0
13 2919 10 7154
3006 3864887 1837 107000
5500 7094586 3249 180424
0 0 0 0
2 113 2 917
1 62 2 214
25 11255 31 13593
0 0 0 0
0 0 0 0
0 0 0 0
0 0 0 0
0 0 0 0
0 0 0 0
0 0 0 0
0 0 0 0
7 1150 6 474
26 8354 31 10585
0 0 0 0
0 0 0 0
0 0 0 0
0 0 0 0
0 0 0 0
0 0 0 0
0 0 0 0
17 2830 20 2425
5 599 6 1395
0 0 0 0
1 62 2 216
0 0 0 0
0 0 0 0
0 0 0 0
0 0 0 0
0 0 0 0
0 0 0 0
0 0 0 0
0 0 0 0
1 62 1 107
0 0 0 0
7 1138 7 473
24 3572 26 3681
0 0 0 0
0 0 0 0
0 0 0 0
0 0 0 0
2 123 2 214
0 0 0 0
0 0 0 0
0 0 0 0
0 0 0 0
0 0 0 0
0 0 0 0
0 0 0 0
0 0 0 0
0 0 0 0
0 0 0 0
0 0 0 0
2 114 2 159
0 0 0 0
0 0 0 0
0 0 0 0
3 178 3 266
0 0 0 0
0 0 0 0
0 0 0 0
0 0 0 0
2 130 2 214
0 0 0 0
0 0 0 0
0 0 0 0
0 0 0 0
0 0 0 0
0 0 0 0
11 7246 14 7431
9 818 12 927
3 315 4 334
43 16988 51 18823
0 0 0 0
1 61 1 106
0 0 0 0
0 0 0 0
0 0 0 0
1 61 1 107
0 0 0 0
0 0 0 0
0 0 0 0
0 0 0 0
1 61 1 106
0 0 0 0
0 0 0 0
0 0 0 0
0 0 0 0
0 0 0 0
0 0 0 0
0 0 0 0
0 0 0 0
0 0 0 0
0 0 0 0
1 61 1 107
0 0 0 0
0 0 0 0
0 0 0 0
9 1283 10 711
0 0 0 0
0 0 0 0
0 0 0 0
0 0 0 0
1 61 1 107
0 0 0 0
0 0 0 0
0 0 0 0
0 0 0 0
0 0 0 0
0 0 0 0
10 4163 13 1965
64 5355 86 128129
0 0 0 0
0 0 0 0
1 61 1 107
0 0 0 0
0 0 0 0
0 0 0 0
1 61 1 106
0 0 0 0
0 0 0 0
19 4868 16 11784
4013 5173168 2602 144443
8912 11485927 5187 287263
8892 11470680 5109 282532
8573 11059170 4749 260068
8928 11517120 4884 266892
8917 11502930 5013 275248
2774 3578152 1738 95204
1 52 1 802
14 8355 11 5094
12 1031 24 6148
0 0 0 0
0 0 0 0
0 0 0 0
1 61 1 107
0 0 0 0
0 0 0 0
1 61 1 108
0 0 0 0
0 0 0 0
0 0 0 0
0 0 0 0
1 61 1 108
0 0 0 0
0 0 0 0
0 0 0 0
0 0 0 0
0 0 0 0
0 0 0 0
0 0 0 0
0 0 0 0
0 0 0 0
0 0 0 0
0 0 0 0
0 0 0 0
1 61 1 108
0 0 0 0
0 0 0 0
9 1258 10 708
0 0 1 54
0 0 0 0
0 0 0 0
1 61 1 108
0 0 0 0
0 0 0 0
0 0 0 0
0 0 0 0
0 0 0 0
0 0 0 0
12 6048 16 6348
0 0 0 0
0 0 0 0
0 0 0 0
0 0 0 0
0 0 0 0
7 1313 7 477
1 68 2 185
0 0 0 0
0 0 0 0
2 123 2 214
21 14731 24 11210
0 0 0 0
0 0 0 0
8 1216 9 658
0 0 0 0
0 0 0 0
0 0 0 0
0 0 0 0
12 624 8 368
10 4789 14 6206
9 823 12 923
2 189 3 280
0 0 0 0
0 0 0 0
0 0 0 0
0 0 0 0
1 61 1 107
0 0 0 0
0 0 0 0
0 0 0 0
1 61 1 108
0 0 0 0
0 0 0 0
2 104 2 104
1 62 2 214
2 130 2 214
1 68 1 107
0 0 0 0
0 0 0 0
0 0 0 0
0 0 0 0
0 0 0 0
0 0 0 0
0 0 0 0
0 0 0 0
0 0 0 0
0 0 0 0
1 68 1 108
0 0 0 0
0 0 0 0
2 136 2 160
14 6595 17 6181
0 0 0 0
0 0 0 0
1 61 1 108
0 0 0 0
0 0 0 0
0 0 0 0
0 0 0 0
0 0 0 0
0 0 0 0
0 0 0 0
0 0 0 0
0 0 0 0
0 0 0 0
0 0 0 0
0 0 0 0
5 807 5 362
2 129 4 298
0 0 0 0
0 0 0 0
0 0 0 0
1 61 1 107
0 0 0 0
0 0 0 0
7 933 9 658
0 0 0 0
0 0 0 0
2 104 2 104
0 0 0 0
13 3903 18 5293
0 0 0 0
0 0 0 0
0 0 0 0
0 0 0 0
0 0 0 0
0 0 0 0
1 61 1 107
0 0 0 0
0 0 0 0
0 0 0 0
0 0 0 0
1 61 1 108
0 0 0 0
0 0 0 0
1 61 1 107
0 0 0 0
0 0 0 0
0 0 0 0
0 0 0 0
0 0 0 0
0 0 0 0
0 0 0 0
0 0 0 0
0 0 0 0
0 0 0 0
0 0 0 0
0 0 0 0
1 61 1 108
0 0 0 0
0 0 0 0
0 0 0 0
16 6807 20 7909
0 0 0 0
0 0 0 0
0 0 0 0
1 61 1 108
0 0 0 0
0 0 0 0
0 0 0 0
0 0 0 0
0 0 0 0
0 0 0 0
2 104 2 104
0 0 0 0
0 0 0 0
0 0 0 0
0 0 0 0
6 868 7 477
26 7518 29 23453
11 1521 14 2914
0 0 0 0
1 61 1 107
0 0 0 0
0 0 0 0
0 0 0 0
7 1153 9 660
0 0 0 0
0 0 0 0
0 0 0 0
8 3451 11 4806
8 772 11 896
2 189 3 280
0 0 0 0
0 0 0 0
0 0 0 0
0 0 0 0
0 0 0 0
0 0 0 0
2 123 2 214
0 0 0 0
0 0 0 0
1 62 1 108
0 0 0 0
0 0 0 0
0 0 0 0
0 0 0 0
1 62 1 107
0 0 0 0
0 0 0 0
0 0 0 0
0 0 0 0
0 0 0 0
0 0 0 0
0 0 0 0
0 0 0 0
0 0 0 0
0 0 0 0
2 104 2 104
0 0 0 0
1 62 1 108
0 0 0 0
0 0 0 0
15 5531 18 6557
0 0 0 0
0 0 0 0
1 52 1 52
1 61 1 108
0 0 0 0
0 0 0 0
2 104 2 177
0 0 0 0
0 0 0 0
0 0 0 0
0 0 0 0
0 0 0 0
0 0 0 0
0 0 0 0
0 0 0 0
0 0 0 0
14 2024 17 2225
0 0 0 0
0 0 0 0
2 123 2 214
0 0 0 0
0 0 0 0
0 0 0 0
8 1215 9 660
0 0 0 0
0 0 0 0
0 0 0 0
12 5013 16 5184
0 0 0 0
0 0 0 0
0 0 0 0
0 0 0 0
0 0 0 0
0 0 0 0
0 0 0 0
0 0 0 0
1 61 1 107
0 0 0 0
0 0 0 0
1 52 1 52
1 61 1 108
0 0 0 0
0 0 0 0
0 0 0 0
1 62 2 214
0 0 0 0
0 0 0 0
1 52 1 52
0 0 0 0
0 0 0 0
0 0 0 0
0 0 0 0
0 0 0 0
0 0 0 0
0 0 0 0
0 0 0 0
0 0 0 0
1 62 1 108
0 0 0 0
0 0 0 0
17 6869 20 7905
0 0 0 0
0 0 0 0
0 0 0 0
1 62 2 216
0 0 0 0
