8 3454 11 4799
10 952 11 909
1 63 3 280
0 0 0 0
0 0 0 0
0 0 0 0
0 0 0 0
0 0 0 0
0 0 0 0
0 0 0 0
0 0 0 0
2 123 2 214
3 681 1 60
7 630 7 6549
1 62 1 108
0 0 0 0
0 0 0 0
0 0 0 0
1 62 1 107
0 0 0 0
0 0 0 0
0 0 0 0
0 0 0 0
0 0 0 0
0 0 0 0
0 0 0 0
0 0 0 0
0 0 0 0
0 0 0 0
0 0 0 0
0 0 0 0
1 62 1 108
0 0 0 0
0 0 0 0
15 6615 19 6492
0 0 0 0
0 0 0 0
0 0 0 0
1 61 1 108
0 0 0 0
0 0 0 0
0 0 0 0
0 0 0 0
0 0 0 0
0 0 0 0
0 0 0 0
0 0 0 0
0 0 0 0
0 0 0 0
0 0 0 0
0 0 0 0
0 0 0 0
8 1000 10 771
0 0 0 0
1 61 1 107
0 0 0 0
0 0 0 0
0 0 0 0
6 867 7 473
1 68 2 188
0 0 0 0
12 5017 17 5242
0 0 0 0
0 0 0 0
0 0 0 0
0 0 0 0
0 0 0 0
0 0 0 0
0 0 0 0
0 0 0 0
0 0 0 0
0 0 0 0
1 62 2 214
0 0 0 0
0 0 0 0
1 62 1 108
0 0 0 0
0 0 0 0
0 0 0 0
2 126 2 214
0 0 0 0
10 5311 13 5717
0 0 0 0
0 0 0 0
0 0 0 0
3 701 4 1301
0 0 0 0
0 0 0 0
0 0 0 0
0 0 0 0
0 0 0 0
0 0 0 0
1 64 1 108
0 0 0 0
0 0 0 0
0 0 0 0
14 5560 17 4995
0 0 0 0
0 0 0 0
4 762 5 1488
0 0 0 0
0 0 0 0
0 0 0 0
0 0 0 0
0 0 0 0
0 0 0 0
0 0 0 0
0 0 0 0
0 0 0 0
18 10934 22 8632
0 0 0 0
0 0 0 0
2 334 3 218
6 894 6 449
0 0 0 0
0 0 0 0
1 61 1 107
0 0 0 0
0 0 0 0
4 455 5 360
3 482 4 301
9 4724 13 6146
9 826 11 902
2 189 3 280
0 0 0 0
0 0 0 0
0 0 0 0
0 0 0 0
0 0 0 0
0 0 0 0
0 0 0 0
0 0 0 0
0 0 0 0
1 61 1 107
0 0 0 0
0 0 0 0
0 0 0 0
1 61 1 108
0 0 0 0
0 0 0 0
1 61 1 107
0 0 0 0
0 0 0 0
0 0 0 0
0 0 0 0
0 0 0 0
0 0 0 0
0 0 0 0
0 0 0 0
0 0 0 0
0 0 0 0
0 0 0 0
0 0 0 0
1 61 1 108
0 0 0 0
0 0 0 0
0 0 0 0
9 3562 11 4423
4 544 6 578
0 0 0 0
1 61 1 108
0 0 0 0
0 0 0 0
0 0 0 0
0 0 0 0
0 0 0 0
0 0 0 0
0 0 0 0
0 0 0 0
6 696 8 2381
0 0 0 0
0 0 0 0
0 0 0 0
0 0 0 0
7 1159 9 663
0 0 0 0
0 0 0 0
0 0 0 0
1 61 1 107
0 0 0 0
0 0 0 0
7 937 9 661
13 3904 17 5248
0 0 0 0
0 0 0 0
0 0 0 0
0 0 0 0
0 0 0 0
0 0 0 0
0 0 0 0
0 0 0 0
0 0 0 0
0 0 0 0
0 0 0 0
0 0 0 0
1 62 2 214
0 0 0 0
0 0 0 0
1 62 1 108
0 0 0 0
0 0 0 0
0 0 0 0
2 126 2 214
0 0 0 0
0 0 0 0
0 0 0 0
0 0 0 0
0 0 0 0
0 0 0 0
0 0 0 0
0 0 0 0
0 0 0 0
0 0 0 0
0 0 0 0
0 0 0 0
1 64 1 108
0 0 0 0
0 0 0 0
0 0 0 0
15 4241 17 5002
0 0 0 0
0 0 0 0
1 61 1 108
0 0 0 0
0 0 0 0
0 0 0 0
0 0 0 0
0 0 0 0
0 0 0 0
3 378 4 1216
0 0 0 0
0 0 0 0
0 0 0 0
0 0 0 0
20 720 20 720
0 0 0 0
4 469 5 360
4 758 4 305
0 0 0 0
1 62 2 214
0 0 0 0
0 0 0 0
17 4507 21 5520
9 824 11 888
4 375 5 379
0 0 0 0
0 0 0 0
0 0 0 0
0 0 0 0
0 0 0 0
0 0 0 0
0 0 0 0
0 0 0 0
0 0 0 0
0 0 0 0
0 0 0 0
0 0 0 0
1 61 1 107
0 0 0 0
0 0 0 0
1 61 1 108
0 0 0 0
0 0 0 0
1 61 1 107
0 0 0 0
0 0 0 0
0 0 0 0
0 0 0 0
0 0 0 0
0 0 0 0
13 2809 12 7473
0 0 0 0
0 0 0 0
0 0 0 0
0 0 0 0
0 0 0 0
0 0 0 0
1 61 1 108
0 0 0 0
0 0 0 0
14 7567 18 7725
4 542 3 249
0 0 0 0
1 61 1 108
0 0 0 0
0 0 0 0
0 0 0 0
0 0 0 0
0 0 0 0
0 0 0 0
0 0 0 0
0 0 0 0
0 0 0 0
0 0 0 0
0 0 0 0
0 0 0 0
0 0 0 0
0 0 0 0
7 938 9 661
0 0 0 0
0 0 0 0
1 61 1 107
0 0 0 0
13 5078 19 5399
6 874 7 501
0 0 0 0
0 0 0 0
0 0 0 0
0 0 0 0
0 0 0 0
0 0 0 0
23 13042 25 11883
0 0 0 0
0 0 0 0
0 0 0 0
0 0 0 0
1 52 1 52
0 0 0 0
1 57 0 0
1 61 2 161
0 0 0 0
0 0 0 0
1 61 1 108
0 0 0 0
10 4151 10 2842
0 0 0 0
0 0 0 0
0 0 0 0
0 0 0 0
0 0 0 0
0 0 0 0
0 0 0 0
36 13010 46 44534
0 0 0 0
0 0 0 0
0 0 0 0
0 0 0 0
0 0 0 0
7 894 9 2767
2 118 2 162
14 6242 18 6404
0 0 0 0
9 7161 7 2904
9 1350 16 7602
0 0 0 0
1 61 1 108
0 0 0 0
0 0 0 0
0 0 0 0
26 18905 26 10669
0 0 0 0
0 0 0 0
0 0 0 0
0 0 0 0
0 0 0 0
0 0 0 0
0 0 0 0
1 52 1 52
0 0 0 0
0 0 0 0
8 1216 10 719
1 52 1 52
3 2618 2 214
6 895 11 4805
10 951 11 902
10 1140 12 945
0 0 0 0
0 0 0 0
0 0 0 0
0 0 0 0
0 0 0 0
0 0 0 0
0 0 0 0
0 0 0 0
0 0 0 0
0 0 0 0
0 0 0 0
0 0 0 0
0 0 0 0
0 0 0 0
2 118 2 161
0 0 0 0
0 0 0 0
1 62 2 216
0 0 0 0
2 126 2 214
0 0 0 0
0 0 0 0
0 0 0 0
0 0 0 0
0 0 0 0
0 0 0 0
0 0 0 0
0 0 0 0
0 0 0 0
0 0 0 0
0 0 0 0
0 0 0 0
0 0 0 0
0 0 0 0
1 57 1 54
1 61 1 108
0 0 0 0
9 3560 11 4418
4 526 6 578
0 0 0 0
2 113 2 160
0 0 0 0
0 0 0 0
16 11022 18 6445
0 0 0 0
0 0 0 0
0 0 0 0
0 0 0 0
0 0 0 0
0 0 0 0
0 0 0 0
0 0 0 0
0 0 0 0
0 0 0 0
0 0 0 0
8 1167 10 717
0 0 0 0
0 0 0 0
2 123 2 214
0 0 0 0
3 394 3 216
5 549 6 445
0 0 0 0
0 0 0 0
0 0 0 0
2 2556 0 0
6 895 11 4804
0 0 0 0
0 0 0 0
0 0 0 0
0 0 0 0
0 0 0 0
0 0 0 0
0 0 0 0
0 0 0 0
1 57 1 54
2 123 2 214
0 0 0 0
2 192 1 108
2 123 4 326
0 0 0 0
1 62 1 107
0 0 0 0
0 0 0 0
0 0 0 0
1 52 1 52
0 0 0 0
0 0 0 0
0 0 0 0
0 0 0 0
0 0 0 0
0 0 0 0
1 125 0 0
2 123 4 325
0 0 0 0
0 0 0 0
2 118 2 162
0 0 0 0
0 0 0 0
15 5473 18 6564
0 0 0 0
1 61 1 108
0 0 0 0
41 16758 50 16904
0 0 0 0
0 0 0 0
0 0 0 0
0 0 0 0
0 0 0 0
0 0 0 0
0 0 0 0
0 0 0 0
0 0 0 0
0 0 0 0
0 0 0 0
0 0 0 0
2 123 3 268
7 1168 7 505
2 123 4 325
10 878 12 995
2 189 3 280
0 0 0 0
7 880 9 661
0 0 0 0
0 0 0 0
0 0 0 0
0 0 0 0
0 0 0 0
0 0 0 0
0 0 0 0
1 52 1 52
0 0 0 0
0 0 0 0
0 0 0 0
0 0 0 0
0 0 0 0
0 0 0 0
2 118 2 161
0 0 0 0
0 0 0 0
1 61 1 108
0 0 0 0
1 61 1 107
0 0 0 0
2 104 2 177
0 0 0 0
0 0 0 0
0 0 0 0
0 0 0 0
0 0 0 0
0 0 0 0
0 0 0 0
0 0 0 0
0 0 0 0
0 0 0 0
0 0 0 0
0 0 0 0
1 57 1 54
1 61 1 108
0 0 0 0
13 5224 17 5007
0 0 0 0
1 61 1 108
3 321 4 1212
0 0 0 0
0 0 0 0
0 0 0 0
0 0 0 0
0 0 0 0
0 0 0 0
0 0 0 0
0 0 0 0
0 0 0 0
0 0 0 0
0 0 0 0
0 0 0 0
0 0 0 0
1 57 0 0
0 0 1 54
7 1099 9 669
1 61 1 107
0 0 0 0
0 0 0 0
7 880 9 649
0 0 0 0
0 0 0 0
0 0 0 0
9 3508 12 4860
0 0 0 0
0 0 0 0
0 0 0 0
0 0 0 0
0 0 0 0
0 0 0 0
0 0 0 0
0 0 0 0
0 0 0 0
0 0 0 0
1 57 1 54
3 252 2 214
1 63 3 282
2 126 2 216
0 0 0 0
1 64 1 107
0 0 0 0
0 0 0 0
0 0 0 0
0 0 0 0
0 0 0 0
0 0 0 0
0 0 0 0
0 0 0 0
0 0 0 0
1 126 0 0
1 63 3 280
0 0 0 0
0 0 0 0
0 0 0 0
1 57 1 54
0 0 0 0
1 61 1 108
16 6752 20 7912
0 0 0 0
1 61 1 108
0 0 0 0
0 0 0 0
0 0 0 0
0 0 0 0
0 0 0 0
0 0 0 0
0 0 0 0
0 0 0 0
0 0 0 0
0 0 0 0
0 0 0 0
0 0 0 0
0 0 0 0
0 0 0 0
2 182 1 54
2 123 4 325
11 1004 12 923
9 1007 13 1040
0 0 0 0
7 874 8 581
1 68 2 176
0 0 0 0
0 0 0 0
0 0 0 0
0 0 0 0
0 0 0 0
0 0 0 0
0 0 0 0
0 0 0 0
0 0 0 0
0 0 0 0
0 0 0 0
0 0 0 0
0 0 0 0
