22 792 22 792
0 0 0 0
0 0 0 0
0 0 0 0
0 0 0 0
0 0 0 0
0 0 0 0
0 0 0 0
0 0 0 0
0 0 0 0
0 0 0 0
0 0 0 0
0 0 0 0
0 0 0 0
0 0 0 0
0 0 0 0
0 0 0 0
0 0 0 0
0 0 0 0
0 0 0 0
0 0 0 0
0 0 0 0
0 0 0 0
0 0 0 0
0 0 0 0
0 0 0 0
0 0 0 0
0 0 0 0
0 0 0 0
0 0 0 0
0 0 0 0
0 0 0 0
0 0 0 0
0 0 0 0
0 0 0 0
0 0 0 0
0 0 0 0
0 0 0 0
0 0 0 0
0 0 0 0
14 2863 14 7609
0 0 0 0
0 0 0 0
0 0 0 0
0 0 0 0
0 0 0 0
0 0 0 0
0 0 0 0
0 0 0 0
0 0 0 0
0 0 0 0
0 0 0 0
0 0 0 0
0 0 0 0
0 0 0 0
0 0 0 0
0 0 0 0
0 0 0 0
0 0 0 0
0 0 0 0
0 0 0 0
0 0 0 0
0 0 0 0
0 0 0 0
0 0 0 0
0 0 0 0
0 0 0 0
0 0 0 0
0 0 0 0
0 0 0 0
0 0 0 0
0 0 0 0
0 0 0 0
0 0 0 0
0 0 0 0
0 0 0 0
0 0 0 0
0 0 0 0
0 0 0 0
0 0 0 0
0 0 0 0
0 0 0 0
0 0 0 0
0 0 0 0
0 0 0 0
0 0 0 0
1 52 1 52
0 0 0 0
0 0 0 0
0 0 0 0
0 0 0 0
0 0 0 0
0 0 0 0
0 0 0 0
0 0 0 0
0 0 0 0
0 0 0 0
0 0 0 0
0 0 0 0
0 0 0 0
0 0 0 0
0 0 0 0
0 0 0 0
0 0 0 0
0 0 0 0
0 0 0 0
0 0 0 0
0 0 0 0
0 0 0 0
0 0 0 0
0 0 0 0
0 0 0 0
0 0 0 0
0 0 0 0
0 0 0 0
0 0 0 0
0 0 0 0
0 0 0 0
0 0 0 0
0 0 0 0
0 0 0 0
0 0 0 0
0 0 0 0
0 0 0 0
0 0 0 0
0 0 0 0
0 0 0 0
0 0 0 0
0 0 0 0
0 0 0 0
0 0 0 0
1 52 1 52
0 0 0 0
0 0 0 0
0 0 0 0
0 0 0 0
0 0 0 0
0 0 0 0
0 0 0 0
0 0 0 0
0 0 0 0
0 0 0 0
0 0 0 0
0 0 0 0
0 0 0 0
0 0 0 0
0 0 0 0
0 0 0 0
0 0 0 0
0 0 0 0
0 0 0 0
0 0 0 0
0 0 0 0
0 0 0 0
0 0 0 0
0 0 0 0
0 0 0 0
0 0 0 0
0 0 0 0
0 0 0 0
0 0 0 0
0 0 0 0
0 0 0 0
0 0 0 0
0 0 0 0
0 0 0 0
0 0 0 0
0 0 0 0
0 0 0 0
0 0 0 0
0 0 0 0
0 0 0 0
0 0 0 0
0 0 0 0
0 0 0 0
0 0 0 0
1 52 1 52
0 0 0 0
0 0 0 0
0 0 0 0
0 0 0 0
0 0 0 0
0 0 0 0
0 0 0 0
0 0 0 0
0 0 0 0
0 0 0 0
0 0 0 0
0 0 0 0
0 0 0 0
0 0 0 0
0 0 0 0
0 0 0 0
0 0 0 0
0 0 0 0
0 0 0 0
0 0 0 0
0 0 0 0
0 0 0 0
0 0 0 0
0 0 0 0
0 0 0 0
0 0 0 0
0 0 0 0
0 0 0 0
0 0 0 0
0 0 0 0
0 0 0 0
0 0 0 0
0 0 0 0
0 0 0 0
0 0 0 0
0 0 0 0
0 0 0 0
0 0 0 0
0 0 0 0
0 0 0 0
0 0 0 0
0 0 0 0
0 0 0 0
0 0 0 0
1 52 1 52
0 0 0 0
0 0 0 0
0 0 0 0
0 0 0 0
0 0 0 0
0 0 0 0
0 0 0 0
0 0 0 0
0 0 0 0
0 0 0 0
0 0 0 0
0 0 0 0
0 0 0 0
0 0 0 0
0 0 0 0
0 0 0 0
0 0 0 0
0 0 0 0
0 0 0 0
0 0 0 0
0 0 0 0
0 0 0 0
0 0 0 0
0 0 0 0
0 0 0 0
0 0 0 0
0 0 0 0
0 0 0 0
0 0 0 0
0 0 0 0
0 0 0 0
0 0 0 0
0 0 0 0
0 0 0 0
0 0 0 0
0 0 0 0
0 0 0 0
0 0 0 0
0 0 0 0
0 0 0 0
0 0 0 0
0 0 0 0
0 0 0 0
0 0 0 0
1 52 1 52
0 0 0 0
0 0 0 0
0 0 0 0
0 0 0 0
0 0 0 0
0 0 0 0
0 0 0 0
0 0 0 0
0 0 0 0
0 0 0 0
0 0 0 0
0 0 0 0
0 0 0 0
2 104 2 177
0 0 0 0
0 0 0 0
0 0 0 0
0 0 0 0
0 0 0 0
0 0 0 0
0 0 0 0
0 0 0 0
0 0 0 0
0 0 0 0
0 0 0 0
0 0 0 0
0 0 0 0
0 0 0 0
0 0 0 0
0 0 0 0
0 0 0 0
0 0 0 0
0 0 0 0
0 0 0 0
0 0 0 0
0 0 0 0
0 0 0 0
0 0 0 0
0 0 0 0
0 0 0 0
0 0 0 0
0 0 0 0
0 0 0 0
0 0 0 0
0 0 0 0
0 0 0 0
0 0 0 0
0 0 0 0
0 0 0 0
0 0 0 0
0 0 0 0
0 0 0 0
0 0 0 0
0 0 0 0
0 0 0 0
0 0 0 0
0 0 0 0
0 0 0 0
0 0 0 0
0 0 0 0
0 0 0 0
0 0 0 0
0 0 0 0
0 0 0 0
0 0 0 0
0 0 0 0
0 0 0 0
0 0 0 0
0 0 0 0
0 0 0 0
0 0 0 0
0 0 0 0
0 0 0 0
0 0 0 0
0 0 0 0
0 0 0 0
0 0 0 0
0 0 0 0
0 0 0 0
0 0 0 0
0 0 0 0
0 0 0 0
0 0 0 0
0 0 0 0
0 0 0 0
0 0 0 0
0 0 0 0
0 0 0 0
0 0 0 0
0 0 0 0
0 0 0 0
0 0 0 0
0 0 0 0
0 0 0 0
0 0 0 0
0 0 0 0
0 0 0 0
0 0 0 0
0 0 0 0
0 0 0 0
0 0 0 0
0 0 0 0
0 0 0 0
0 0 0 0
0 0 0 0
0 0 0 0
0 0 0 0
0 0 0 0
0 0 0 0
0 0 0 0
0 0 0 0
0 0 0 0
0 0 0 0
0 0 0 0
0 0 0 0
0 0 0 0
0 0 0 0
0 0 0 0
0 0 0 0
0 0 0 0
0 0 0 0
0 0 0 0
0 0 0 0
0 0 0 0
0 0 0 0
0 0 0 0
0 0 0 0
0 0 0 0
0 0 0 0
0 0 0 0
0 0 0 0
0 0 0 0
0 0 0 0
0 0 0 0
0 0 0 0
0 0 0 0
0 0 0 0
0 0 0 0
0 0 0 0
0 0 0 0
0 0 0 0
0 0 0 0
0 0 0 0
0 0 0 0
0 0 0 0
0 0 0 0
0 0 0 0
0 0 0 0
0 0 0 0
0 0 0 0
0 0 0 0
0 0 0 0
0 0 0 0
0 0 0 0
0 0 0 0
0 0 0 0
0 0 0 0
0 0 0 0
0 0 0 0
0 0 0 0
0 0 0 0
0 0 0 0
0 0 0 0
0 0 0 0
0 0 0 0
0 0 0 0
0 0 0 0
0 0 0 0
0 0 0 0
0 0 0 0
0 0 0 0
0 0 0 0
0 0 0 0
0 0 0 0
0 0 0 0
0 0 0 0
0 0 0 0
0 0 0 0
0 0 0 0
0 0 0 0
0 0 0 0
0 0 0 0
0 0 0 0
0 0 0 0
0 0 0 0
0 0 0 0
0 0 0 0
0 0 0 0
0 0 0 0
0 0 0 0
0 0 0 0
0 0 0 0
0 0 0 0
0 0 0 0
0 0 0 0
0 0 0 0
0 0 0 0
0 0 0 0
0 0 0 0
0 0 0 0
0 0 0 0
0 0 0 0
0 0 0 0
0 0 0 0
9 3899 10 5840
0 0 0 0
60 8463 81 99442
458 41675 1216 2026713
118 22952 420 456045
11 2051 16 6405
159 44016 218 201842
61 16484 120 103854
25 7887 48 38187
147 25106 656 774081
244 45817 330 256648
47 8027 63 12165
3 182 6 787
0 0 0 0
0 0 0 0
17 2095 18 2439
30 3686 35 5647
11 1497 12 1691
22 6639 55 43172
125 15631 264 296077
1 68 2 105
0 0 0 0
5 455 37 44412
31 6732 121 134417
7 1236 27 29684
0 0 0 0
0 0 0 0
14 1412 55 63773
0 0 0 0
0 0 0 0
0 0 0 0
0 0 0 0
0 0 0 0
44 6545 140 154232
33 1767 36 50523
15 5453 48 49150
34 10335 62 43719
5 4129 2 113
1 67 3 207
4 1658 4 271
70 24131 175 178890
36 3599 160 168941
15 5746 36 31148
51 12995 224 255271
21 1949 120 143389
8 4978 32 33121
51 4544 305 359794
48 4383 259 299443
13 1219 69 76308
3 156 3 156
27 2698 124 138922
18 1504 97 109564
20 1932 80 81976
12 994 40 34059
3 388 11 10017
0 0 0 0
14 5947 26 18147
6 344 32 33773
2 194 2 159
9 1196 26 28865
10 952 49 54666
0 0 0 0
0 0 0 0
2 194 2 159
14 1352 69 78889
0 0 0 0
7 1135 19 19639
34 3055 231 272549
20 2360 75 78054
6 577 14 11103
0 0 0 0
26 1352 14 728
0 0 0 0
0 0 0 0
0 0 0 0
0 0 0 0
0 0 0 0
0 0 0 0
0 0 0 0
0 0 0 0
0 0 0 0
0 0 0 0
0 0 0 0
0 0 0 0
0 0 0 0
0 0 0 0
0 0 0 0
0 0 0 0
0 0 0 0
0 0 0 0
0 0 0 0
0 0 0 0
0 0 0 0
0 0 0 0
0 0 0 0
0 0 0 0
0 0 0 0
0 0 0 0
0 0 0 0
0 0 0 0
0 0 0 0
0 0 0 0
0 0 0 0
7 4982 9 4347
0 0 0 0
0 0 0 0
0 0 0 0
0 0 0 0
3 297 4 299
0 0 0 0
0 0 0 0
0 0 0 0
0 0 0 0
0 0 0 0
0 0 0 0
0 0 0 0
0 0 0 0
0 0 0 0
0 0 0 0
0 0 0 0
0 0 0 0
0 0 0 0
0 0 0 0
0 0 0 0
0 0 0 0
0 0 0 0
0 0 0 0
0 0 0 0
0 0 0 0
0 0 0 0
0 0 0 0
0 0 0 0
0 0 0 0
0 0 0 0
0 0 0 0
0 0 0 0
0 0 0 0
0 0 0 0
0 0 0 0
0 0 0 0
0 0 0 0
0 0 0 0
0 0 0 0
0 0 0 0
0 0 0 0
0 0 0 0
0 0 0 0
0 0 0 0
0 0 0 0
0 0 0 0
0 0 0 0
0 0 0 0
0 0 0 0
0 0 0 0
0 0 0 0
0 0 0 0
0 0 0 0
0 0 0 0
0 0 0 0
0 0 0 0
0 0 0 0
0 0 0 0
0 0 0 0
0 0 0 0
0 0 0 0
0 0 0 0
0 0 0 0
0 0 0 0
0 0 0 0
0 0 0 0
0 0 0 0
0 0 0 0
0 0 0 0
0 0 0 0
0 0 0 0
0 0 0 0
0 0 0 0
0 0 0 0
0 0 0 0
17 8982 23 16815
0 0 0 0
0 0 0 0
0 0 0 0
0 0 0 0
0 0 0 0
0 0 0 0
0 0 0 0
0 0 0 0
0 0 0 0
0 0 0 0
0 0 0 0
0 0 0 0
0 0 0 0
0 0 0 0
0 0 0 0
0 0 0 0
0 0 0 0
0 0 0 0
0 0 0 0
0 0 0 0
0 0 0 0
0 0 0 0
0 0 0 0
0 0 0 0
0 0 0 0
0 0 0 0
0 0 0 0
0 0 0 0
0 0 0 0
0 0 0 0
0 0 0 0
0 0 0 0
0 0 0 0
0 0 0 0
0 0 0 0
0 0 0 0
0 0 0 0
20 17806 13 4455
31 8491 57 56312
9 1375 11 8990
14 2258 20 17589
29 13191 82 77547
74 16500 128 139514
79 10493 242 278777
22 5941 75 74574
5 1298 4 230
36 6180 162 182529
0 0 0 0
0 0 0 0
0 0 0 0
0 0 0 0
0 0 0 0
0 0 0 0
0 0 0 0
0 0 0 0
3 976 4 259
0 0 0 0
0 0 0 0
0 0 0 0
0 0 0 0
0 0 0 0
0 0 0 0
0 0 0 0
0 0 0 0
3 1048 3 205
0 0 1 54
0 0 0 0
0 0 0 0
0 0 0 0
0 0 0 0
0 0 0 0
0 0 0 0
0 0 0 0
0 0 0 0
0 0 0 0
0 0 0 0
0 0 0 0
0 0 0 0
0 0 0 0
0 0 0 0
0 0 0 0
0 0 0 0
0 0 0 0
0 0 0 0
0 0 0 0
0 0 0 0
68 8594 214 264810
9 4916 10 5401
0 0 0 0
0 0 0 0
0 0 0 0
0 0 0 0
0 0 0 0
0 0 0 0
0 0 0 0
0 0 0 0
3 461 8 7492
11 670 108 135279
0 0 0 0
5 4809 2 1346
4 287 9 3183
0 0 0 0
0 0 0 0
0 0 0 0
0 0 0 0
0 0 0 0
0 0 0 0
0 0 0 0
0 0 0 0
0 0 0 0
0 0 0 0
0 0 0 0
0 0 0 0
0 0 0 0
0 0 0 0
0 0 0 0
0 0 0 0
0 0 0 0
0 0 0 0
0 0 0 0
0 0 0 0
0 0 0 0
0 0 0 0
0 0 0 0
0 0 0 0
0 0 0 0
0 0 0 0
0 0 0 0
0 0 0 0
0 0 0 0
0 0 0 0
0 0 0 0
0 0 0 0
0 0 0 0
0 0 0 0
0 0 0 0
0 0 0 0
0 0 0 0
0 0 0 0
9 5194 10 4467
0 0 1 53
0 0 0 0
0 0 0 0
0 0 0 0
0 0 0 0
0 0 0 0
0 0 0 0
0 0 0 0
0 0 0 0
0 0 0 0
0 0 0 0
0 0 0 0
0 0 0 0
0 0 0 0
0 0 0 0
0 0 0 0
0 0 0 0
0 0 0 0
0 0 0 0
0 0 0 0
0 0 0 0
0 0 0 0
0 0 0 0
0 0 0 0
0 0 0 0
0 0 0 0
0 0 0 0
0 0 0 0
0 0 0 0
0 0 0 0
0 0 0 0
0 0 0 0
0 0 0 0
0 0 0 0
0 0 0 0
0 0 0 0
0 0 0 0
0 0 0 0
0 0 0 0
7 5046 6 3982
2 123 4 505
0 0 0 0
0 0 0 0
0 0 0 0
0 0 0 0
0 0 0 0
0 0 0 0
0 0 0 0
0 0 0 0
0 0 0 0
0 0 0 0
0 0 0 0
0 0 0 0
0 0 0 0
0 0 0 0
0 0 0 0
0 0 0 0
0 0 0 0
0 0 0 0
0 0 0 0
0 0 0 0
0 0 0 0
0 0 0 0
0 0 0 0
0 0 0 0
0 0 0 0
0 0 0 0
0 0 0 0
0 0 0 0
0 0 0 0
0 0 0 0
0 0 0 0
0 0 0 0
0 0 0 0
0 0 0 0
0 0 0 0
0 0 0 0
0 0 0 0
0 0 0 0
10 6471 13 5883
1 64 1 53
0 0 0 0
0 0 0 0
0 0 0 0
0 0 0 0
0 0 0 0
0 0 0 0
0 0 0 0
0 0 0 0
0 0 0 0
0 0 0 0
0 0 0 0
0 0 0 0
0 0 0 0
0 0 0 0
0 0 0 0
0 0 0 0
0 0 0 0
0 0 0 0
0 0 0 0
0 0 0 0
0 0 0 0
0 0 0 0
0 0 0 0
0 0 0 0
0 0 0 0
0 0 0 0
0 0 0 0
0 0 0 0
0 0 0 0
0 0 0 0
0 0 0 0
0 0 0 0
0 0 0 0
0 0 0 0
0 0 0 0
0 0 0 0
0 0 0 0
0 0 0 0
9 5146 10 4473
0 0 1 53
0 0 0 0
0 0 0 0
0 0 0 0
0 0 0 0
0 0 0 0
0 0 0 0
0 0 0 0
0 0 0 0
0 0 0 0
0 0 0 0
0 0 0 0
0 0 0 0
0 0 0 0
0 0 0 0
0 0 0 0
0 0 0 0
0 0 0 0
0 0 0 0
0 0 0 0
0 0 0 0
0 0 0 0
0 0 0 0
0 0 0 0
0 0 0 0
0 0 0 0
0 0 0 0
0 0 0 0
0 0 0 0
0 0 0 0
14 4064 22 22001
0 0 0 0
0 0 0 0
0 0 0 0
0 0 0 0
0 0 0 0
0 0 0 0
0 0 0 0
0 0 0 0
6 6181 2 1346
6 1630 12 7016
0 0 0 0
0 0 0 0
0 0 0 0
0 0 0 0
0 0 0 0
0 0 0 0
0 0 0 0
0 0 0 0
0 0 0 0
0 0 0 0
0 0 0 0
0 0 0 0
0 0 0 0
0 0 0 0
0 0 0 0
0 0 0 0
0 0 0 0
0 0 0 0
0 0 0 0
0 0 0 0
0 0 0 0
0 0 0 0
0 0 0 0
0 0 0 0
0 0 0 0
60 7977 151 184496
0 0 0 0
0 0 0 0
0 0 0 0
0 0 0 0
0 0 0 0
0 0 0 0
0 0 0 0
0 0 0 0
0 0 0 0
0 0 0 0
0 0 0 0
0 0 0 0
31 10798 30 24485
230 42450 749 903544
27 3137 57 49359
0 0 0 0
3 651 0 0
199 37960 504 533438
120 19874 506 607800
153 41834 585 634425
322 65627 872 1001186
64 22206 170 178614
19 6866 25 14729
0 0 0 0
0 0 0 0
0 0 0 0
0 0 0 0
0 0 0 0
3 406 4 438
0 0 0 0
0 0 0 0
0 0 0 0
0 0 0 0
0 0 0 0
0 0 0 0
0 0 0 0
0 0 0 0
0 0 0 0
0 0 0 0
0 0 0 0
0 0 0 0
0 0 0 0
0 0 0 0
0 0 0 0
0 0 0 0
0 0 0 0
0 0 0 0
0 0 0 0
0 0 0 0
0 0 0 0
0 0 0 0
0 0 0 0
0 0 0 0
13 7762 14 5936
0 0 0 0
0 0 0 0
0 0 0 0
0 0 0 0
0 0 0 0
0 0 0 0
0 0 0 0
0 0 0 0
3 156 3 156
0 0 0 0
0 0 0 0
1 52 1 52
3 156 3 156
1 52 1 52
0 0 0 0
0 0 0 0
0 0 0 0
0 0 0 0
0 0 0 0
0 0 0 0
0 0 0 0
0 0 0 0
0 0 0 0
0 0 0 0
0 0 0 0
0 0 0 0
0 0 0 0
0 0 0 0
0 0 0 0
0 0 0 0
0 0 0 0
0 0 0 0
0 0 0 0
0 0 0 0
0 0 0 0
0 0 0 0
0 0 0 0
0 0 0 0
0 0 0 0
0 0 0 0
0 0 0 0
0 0 0 0
0 0 0 0
0 0 0 0
0 0 0 0
0 0 0 0
0 0 0 0
0 0 0 0
0 0 0 0
0 0 0 0
0 0 0 0
0 0 0 0
0 0 0 0
3 156 3 156
0 0 0 0
0 0 0 0
0 0 0 0
4 208 4 208
0 0 0 0
0 0 0 0
0 0 0 0
0 0 0 0
1 52 1 52
0 0 0 0
0 0 0 0
0 0 0 0
0 0 0 0
0 0 0 0
0 0 0 0
0 0 0 0
0 0 0 0
0 0 0 0
0 0 0 0
0 0 0 0
0 0 0 0
0 0 0 0
0 0 0 0
0 0 0 0
0 0 0 0
0 0 0 0
0 0 0 0
0 0 0 0
0 0 0 0
0 0 0 0
0 0 0 0
0 0 0 0
0 0 0 0
0 0 0 0
0 0 0 0
0 0 0 0
0 0 0 0
0 0 0 0
0 0 0 0
0 0 0 0
0 0 0 0
0 0 0 0
0 0 0 0
0 0 0 0
3 156 3 156
0 0 0 0
0 0 0 0
0 0 0 0
0 0 0 0
4 208 4 208
0 0 0 0
0 0 0 0
0 0 0 0
1 52 1 52
0 0 0 0
0 0 0 0
0 0 0 0
0 0 0 0
0 0 0 0
0 0 0 0
0 0 0 0
0 0 0 0
0 0 0 0
0 0 0 0
7 3936 8 4181
143 18624 655 774185
0 0 0 0
0 0 0 0
42 9945 61 21425
55 9482 317 346146
99 24491 335 335530
152 18052 1056 1263668
169 34699 452 450307
180 41732 772 891615
77 32786 154 130188
64 14367 181 178969
0 0 0 0
0 0 0 0
0 0 0 0
0 0 0 0
0 0 0 0
0 0 0 0
0 0 0 0
29 7172 65 49381
37 6426 111 105559
0 0 0 0
0 0 0 0
0 0 0 0
10 2522 29 27531
3 156 0 0
0 0 3 156
0 0 0 0
0 0 0 0
0 0 0 0
8 3342 8 652
0 0 0 0
0 0 0 0
0 0 0 0
27 2930 108 112801
24 2620 134 156018
38 5763 145 158370
0 0 1 54
0 0 0 0
0 0 0 0
0 0 0 0
0 0 0 0
0 0 0 0
0 0 0 0
0 0 0 0
0 0 0 0
0 0 0 0
0 0 0 0
0 0 0 0
0 0 0 0
0 0 0 0
1 52 1 52
1 52 1 52
0 0 0 0
0 0 0 0
0 0 0 0
0 0 0 0
0 0 0 0
0 0 0 0
0 0 0 0
0 0 0 0
0 0 0 0
0 0 0 0
0 0 0 0
0 0 0 0
0 0 0 0
0 0 0 0
0 0 0 0
0 0 0 0
0 0 0 0
0 0 0 0
3 156 3 156
0 0 0 0
0 0 0 0
0 0 0 0
2 104 2 104
0 0 0 0
0 0 0 0
0 0 0 0
1 52 1 52
0 0 0 0
1 52 1 125
1 52 1 52
0 0 0 0
0 0 0 0
4 208 4 354
0 0 0 0
2 104 2 177
2 104 2 177
0 0 0 0
2 104 2 177
0 0 0 0
0 0 0 0
0 0 0 0
0 0 0 0
0 0 0 0
0 0 0 0
0 0 0 0
0 0 0 0
2 104 2 104
0 0 0 0
0 0 0 0
0 0 0 0
0 0 0 0
0 0 0 0
0 0 0 0
0 0 0 0
0 0 0 0
0 0 0 0
0 0 0 0
0 0 0 0
0 0 0 0
0 0 0 0
0 0 0 0
0 0 0 0
0 0 0 0
0 0 0 0
0 0 0 0
0 0 0 0
0 0 0 0
0 0 0 0
0 0 0 0
0 0 0 0
0 0 0 0
0 0 0 0
0 0 0 0
0 0 0 0
0 0 0 0
0 0 0 0
0 0 0 0
0 0 0 0
0 0 0 0
0 0 0 0
0 0 0 0
9 4730 12 4850
0 0 0 0
0 0 0 0
0 0 0 0
0 0 0 0
0 0 0 0
0 0 0 0
0 0 0 0
5 1379 5 465
0 0 0 0
2 104 2 104
0 0 0 0
0 0 0 0
0 0 0 0
0 0 0 0
0 0 0 0
0 0 0 0
0 0 0 0
0 0 0 0
0 0 0 0
0 0 0 0
3 431 4 412
0 0 0 0
0 0 0 0
3 787 4 411
10 5107 9 4233
9 754 6 513
19 4875 14 11885
444 642070 235 14921
984 1428768 624 32996
365 529789 214 11128
0 0 0 0
1 52 1 809
0 0 0 0
4 208 2 104
0 0 0 0
0 0 0 0
0 0 0 0
0 0 0 0
0 0 0 0
0 0 0 0
0 0 0 0
0 0 0 0
0 0 0 0
0 0 0 0
0 0 0 0
0 0 0 0
0 0 0 0
0 0 0 0
0 0 0 0
0 0 0 0
0 0 0 0
0 0 0 0
0 0 0 0
0 0 0 0
20 4927 17 11959
575 832282 350 20869
975 1415700 691 37852
251 363490 170 9700
1 52 1 809
0 0 0 0
0 0 0 0
0 0 0 0
0 0 0 0
0 0 0 0
0 0 0 0
0 0 0 0
0 0 0 0
0 0 0 0
0 0 0 0
0 0 0 0
0 0 0 0
0 0 0 0
0 0 0 0
0 0 0 0
0 0 0 0
0 0 0 0
0 0 0 0
0 0 0 0
0 0 0 0
0 0 0 0
0 0 0 0
0 0 0 0
0 0 0 0
0 0 0 0
0 0 0 0
0 0 0 0
0 0 0 0
0 0 0 0
0 0 0 0
8 680 61 44929
20 1728 309 268027
20 1516 113 30331
20 1552 123 47885
21 1668 155 96251
21 1672 239 209522
21 1776 269 241209
21 1680 171 127746
19 1440 114 49533
21 1620 112 49477
21 1580 117 50421
21 1688 209 173051
20 1608 196 152962
21 1664 171 129382
20 1580 163 112112
22 1692 169 120946
20 1568 179 134572
22 1768 174 133391
19 1456 152 97886
22 1776 179 135644
21 1612 173 127779
21 1656 156 105154
20 1592 175 127064
22 1692 112 50161
20 1544 112 46839
23 1732 113 50999
20 1568 142 93415
17 1328 120 71523
16 1244 113 59204
14 1096 109 44419
15 1136 122 48910
15 1164 120 59570
17 1312 121 49084
17 1312 109 43716
14 1092 115 49011
22 1656 113 45129
20 1564 129 63505
21 1964 488 513998
19 1620 305 291241
21 1672 183 131057
21 1572 112 34989
21 1816 308 282541
21 1804 331 319455
20 1816 416 423226
20 1844 440 460581
23 2036 397 401858
22 1740 162 97819
20 1540 115 35550
21 1616 112 27303
20 1540 114 33682
22 1628 114 30806
20 1544 128 52026
21 1620 113 34330
22 1724 113 30426
21 1744 247 209045
21 1756 321 307372
21 1688 168 100309
20 1720 308 288855
21 1844 351 341240
21 1872 405 415238
24 1930 183 120087
20 1752 351 338754
22 1748 154 93591
20 1544 112 39947
20 1520 122 56947
16 1224 114 43850
14 1156 195 155539
14 1224 273 236164
18 1404 111 42971
17 1332 122 50339
18 1488 260 228946
17 1512 271 244334
18 1516 249 199685
20 1568 137 73243
20 1668 248 212527
23 1856 201 154540
20 1532 130 56288
21 1644 116 41021
21 1764 276 244734
20 1536 138 73439
21 1576 113 35952
21 1632 133 58448
20 1520 112 37437
21 1612 113 39001
20 1540 112 38471
23 1752 113 39512
21 1636 129 58989
20 1504 112 41363
21 1648 114 44400
20 1516 111 35793
21 1580 113 45322
21 1624 130 61253
22 1700 113 41921
20 1544 111 43861
19 1472 112 47130
21 1548 113 41458
22 1736 128 58026
19 1464 113 39062
22 1720 112 43533
21 1620 113 48021
22 1648 112 47002
20 1556 130 67541
16 1252 113 46115
15 1196 103 40930
15 1164 121 42809
18 1356 113 38696
18 1408 127 54532
14 1068 116 39830
16 1272 106 37434
15 1164 103 36659
22 1656 127 53089
20 1556 130 63285
22 1696 112 48324
20 1544 112 47185
21 1752 257 227332
20 1508 114 41965
21 1768 285 258218
20 1832 427 445652
21 1644 130 54639
20 1520 112 32982
23 1790 129 52391
20 1660 233 193925
20 1540 113 43080
22 1728 117 47981
21 1732 237 202898
20 1480 113 46936
21 1632 134 68253
20 1628 233 208449
23 2120 387 389252
20 1512 113 29796
23 1752 113 30956
20 1556 131 58971
21 1616 116 42942
20 1540 112 35548
20 1540 112 34878
20 1472 114 37027
21 1644 131 62062
20 1544 111 38104
21 1620 113 38114
21 1620 113 39275
15 1136 113 37995
13 1036 129 58049
18 1400 112 37448
17 1312 107 35552
16 1236 117 39260
16 1204 111 37021
16 1260 132 57651
16 1248 112 36857
21 1612 112 35742
22 1696 113 36777
21 1580 112 39014
22 1740 130 55795
20 1544 112 39899
20 1516 113 37446
21 1624 112 34353
20 1504 112 34945
22 1736 129 54147
20 1540 113 35254
20 1544 112 35418
21 1616 112 34192
21 1584 113 34254
20 1560 130 52834
20 1544 111 33714
23 1800 113 34607
20 1540 113 34374
21 1556 112 34331
21 1632 131 54294
21 1612 111 35055
20 1548 110 34621
20 1544 115 36105
22 1684 112 34346
21 1632 130 53204
20 1544 112 36016
22 1696 113 34996
20 1540 109 34887
22 1656 115 35750
20 1556 129 54374
19 1444 112 36085
13 1056 113 34906
15 1172 113 35428
17 1306 112 34784
19 1628 280 244750
15 1168 112 36917
16 1236 104 34971
15 1164 120 41622
19 1400 114 38324
21 1628 129 56820
20 1540 111 38306
22 1700 113 38908
20 1544 113 38381
22 1656 114 40676
20 1552 129 57197
21 1616 112 37833
19 1444 113 38696
21 1624 112 41101
22 1652 113 37705
21 1632 130 58192
19 1436 112 39646
21 1620 112 40576
20 1536 110 39251
22 1656 115 40147
20 1528 129 56548
22 1712 112 39728
20 1540 112 39504
21 1620 113 38491
23 1712 113 38462
21 1632 131 57677
20 1504 112 38791
21 1644 112 37982
22 1668 113 38519
21 1576 113 38567
19 1452 129 55753
22 1696 113 39182
21 1644 112 38924
21 1612 112 38631
15 1108 107 36454
15 1188 132 58040
16 1240 108 37768
17 1320 120 41356
15 1160 104 36185
16 1172 121 41457
17 1368 125 56271
15 1168 116 41337
20 1536 113 40493
19 1444 112 40398
19 1428 113 40398
18 1392 129 58456
19 1464 112 39835
20 1544 112 39908
20 1544 113 40344
21 1580 112 38992
22 1716 130 59036
20 1536 113 39557
21 1612 112 39405
22 1720 112 37761
21 1552 113 39563
20 1560 127 58075
21 1612 114 40213
20 1540 113 40269
20 1536 111 38443
21 1602 127 52607
20 1700 276 245286
21 1620 112 45424
19 1460 112 44123
19 1460 113 44225
21 1568 113 43924
19 1444 129 62722
20 1544 112 45082
20 1544 112 44138
22 1728 113 45050
21 1568 114 46181
21 1632 130 62112
18 1384 112 43458
16 1248 112 43370
13 1032 98 38382
16 1208 127 48646
16 1260 124 60178
15 1160 118 47251
18 1400 109 43327
16 1260 115 44965
19 1400 113 46078
21 1664 128 62638
20 1504 113 45926
20 1540 113 45067
22 1700 112 44357
21 1576 114 44416
20 1560 128 65688
21 1616 110 44581
20 1544 114 46204
21 1616 113 47074
21 1572 113 47106
21 1680 130 65347
22 1736 113 47440
20 1540 111 46195
20 1512 113 46894
21 1572 113 47087
21 1628 130 66884
21 1616 112 46266
21 1616 112 46631
20 1536 112 46465
22 1652 113 45552
18 1376 129 63003
22 1692 113 46704
21 1616 111 45808
20 1540 113 47341
23 1760 113 46803
20 1528 130 66314
20 1540 111 46120
21 1620 112 46694
21 1624 114 46850
17 1288 113 46851
15 1184 128 64444
15 1164 112 45272
17 1356 113 44748
14 1056 104 40723
19 1456 122 47360
17 1324 123 60031
15 1176 117 47695
19 1432 110 45725
21 1616 114 46480
23 1758 126 56474
19 1600 274 245388
21 1648 112 40824
21 1616 113 41380
21 1612 111 41416
21 1580 114 41633
20 1528 129 60645
22 1696 113 42253
20 1540 111 42765
21 1620 112 43048
21 1580 114 43648
20 1556 129 60601
22 1696 112 41472
20 1544 113 42311
21 1616 112 43073
22 1680 113 42615
19 1452 129 61334
23 1804 112 43232
20 1536 112 42908
21 1616 112 43061
21 1576 114 43303
21 1636 129 61759
21 1624 113 44249
21 1620 110 42787
20 1544 114 42393
23 1736 113 41724
19 1488 129 60512
21 1616 113 41368
13 1024 112 41660
14 1088 110 40046
15 1108 115 43544
18 1432 122 60000
16 1252 119 46837
16 1244 108 40779
14 1108 118 46631
18 1356 112 43012
21 1636 129 61320
21 1620 112 44442
20 1548 112 41708
22 1720 114 45215
20 1476 112 42038
21 1632 129 61804
21 1648 112 41299
20 1548 112 41826
21 1624 113 42920
22 1648 113 41381
21 1664 129 60753
21 1616 112 41433
18 1368 112 42045
21 1620 112 42625
21 1576 114 42851
22 1708 129 58545
21 1612 112 42641
20 1536 113 43369
19 1460 97 37310
23 1768 127 48709
20 1564 129 61418
18 1364 112 40768
21 1648 113 41325
20 1544 112 42134
22 1682 112 40443
20 1712 287 259680
22 1716 112 44062
20 1540 112 43633
21 1620 112 43373
19 1436 111 42142
16 1252 132 63224
17 1316 108 41790
17 1336 116 44789
18 1396 109 41954
16 1200 118 47061
18 1412 128 61720
13 1020 113 44091
21 1624 113 43952
19 1468 111 43709
23 1728 113 44394
20 1548 129 61498
21 1612 113 43299
20 1540 112 43267
20 1552 124 63634
21 1604 144 86458
19 1452 129 60344
21 1616 112 41906
20 1540 113 41608
20 1540 112 41565
67 6328 171 141235
36 6684 150 73700
20 1544 113 41615
19 1436 112 41633
21 1608 112 41639
30 5880 122 52407
118 9559 268 301685
20 1544 114 43381
59 8589 177 116842
131 12058 294 340689
20 1500 114 43371
18 1400 129 64371
22 1766 117 46089
41 16771 132 56192
20 1540 114 44347
24 1947 134 68132
20 1529 136 76225
45 25981 141 56028
14 1124 101 39770
26 10735 128 45484
16 1240 115 41648
16 1260 137 62726
16 1252 113 49067
16 1252 132 63473
16 1244 120 60089
18 1356 115 42071
20 1552 129 59820
21 1616 112 41712
21 1648 113 41898
20 1536 112 41889
22 1660 114 42232
21 1664 127 59378
20 1512 114 43282
20 1540 112 41255
22 1696 113 41349
21 1570 127 58216
21 1664 154 87354
21 1624 112 39998
21 1620 112 40209
19 1436 112 39301
22 1660 113 40473
21 1636 129 59005
21 1612 112 42972
20 1544 112 40719
21 1616 112 40609
22 1656 114 42435
20 1560 129 58990
23 1748 113 39871
20 1540 112 39540
21 1620 112 40276
20 1476 113 41241
50 22815 162 83756
20 1540 113 42022
20 1544 112 39522
20 1536 112 41421
16 1156 101 41369
14 1128 135 65032
15 1168 113 45664
15 1168 121 44556
16 1212 113 44656
18 1388 128 54294
16 1264 137 71429
16 1248 104 37993
18 1396 122 42046
20 1540 114 42516
22 1660 122 52385
19 1480 136 68828
19 1464 119 52232
20 1512 116 48530
19 1476 119 50887
21 1568 113 41461
20 1556 129 58128
20 1540 113 40564
21 1592 112 42711
20 1540 113 41574
21 1584 113 42196
21 1628 129 59560
21 1624 112 40200
19 1436 113 41403
22 1724 111 40219
20 1480 114 39504
21 1628 129 58835
21 1628 112 39490
21 1652 112 39584
19 1448 118 46049
23 1756 113 38967
21 1616 112 38867
19 1460 130 57908
20 1540 112 39346
21 1616 112 39308
22 1676 113 39940
21 1612 112 38671
22 1692 130 58755
16 1272 110 37959
13 1020 115 39309
17 1282 124 51390
18 1380 119 62194
17 1400 172 115024
16 1272 140 89752
16 1352 234 200917
17 1280 113 49562
22 1724 176 132350
21 1652 145 87364
21 1632 126 68222
19 1544 228 199030
23 1756 124 68531
20 1548 122 63638
22 1712 129 67411
20 1540 112 44059
21 1616 112 49081
21 1576 113 45282
22 1700 113 45571
21 1660 129 59221
21 1620 112 45122
20 1552 125 60537
21 1540 113 44350
21 1648 112 46633
21 1632 129 59152
22 1700 113 47158
20 1548 111 47916
21 1548 113 44445
22 1724 121 56650
20 1596 171 115161
21 1620 112 41417
20 1708 287 265881
21 1748 298 272959
20 1624 208 159802
21 1776 305 273374
21 1664 147 71942
21 1624 121 51012
19 1456 139 73471
15 1184 127 56838
15 1192 148 84914
15 1192 119 62237
15 1172 120 49418
17 1248 108 40870
15 1168 124 54612
17 1308 127 61280
20 1576 116 48488
20 1516 112 42526
21 1576 113 41507
22 1740 140 81197
21 1656 204 159165
22 1836 215 171225
20 1552 129 53870
22 1632 127 49920
22 1764 189 144568
20 1588 192 145122
19 1468 112 44182
20 1540 112 41595
23 1736 113 42141
20 1544 111 43558
21 1652 131 61829
21 1624 111 43001
20 1544 113 45486
22 1686 126 61160
21 1684 175 120576
21 1652 145 84469
21 1616 112 43789
21 1608 112 43974
21 1576 113 44711
22 1696 111 43656
19 1456 131 62764
20 1544 112 42662
21 1612 113 43103
21 1576 115 45485
21 1620 112 41933
20 1556 129 60995
18 1396 107 39802
15 1172 115 44791
16 1204 110 40804
15 1164 118 44880
14 1072 119 53328
19 1508 118 43911
15 1168 111 40865
19 1428 115 42865
19 1432 112 41955
22 1736 130 59665
20 1540 112 41749
21 1620 112 42239
22 1660 112 41521
20 1496 112 41613
22 1704 130 60966
21 1592 112 44480
20 1536 113 44723
23 1760 113 42609
21 1628 111 40638
22 1684 133 64676
20 1512 112 42815
19 1472 113 43216
21 1580 113 42950
21 1600 113 43663
20 1528 128 61168
22 1724 113 42694
20 1532 110 43186
20 1464 115 44538
20 1532 113 41186
20 1576 129 60597
21 1616 111 44262
19 1424 113 42839
22 1656 113 43864
21 1628 122 53678
21 1652 143 81135
21 1612 113 41851
20 1540 126 69071
20 1520 125 68732
14 1108 113 65825
14 1248 310 281170
15 1392 302 284428
16 1288 166 115258
17 1344 154 97110
18 1624 318 310829
16 1376 302 277946
19 1684 300 280231
20 1808 441 462569
24 2038 307 291331
20 1708 298 286996
22 1776 196 157135
20 1728 328 321394
22 1844 269 249509
22 1924 374 374961
19 1580 244 215311
21 1908 396 397467
19 1472 132 71251
22 1696 113 45275
22 1652 122 57938
19 1428 113 46684
21 1608 129 64580
22 1720 113 46429
20 1540 113 45951
21 1584 112 45966
22 1696 113 46344
21 1608 131 65296
20 1544 111 45349
20 1540 113 47892
22 1652 111 46227
22 1772 229 200667
20 1840 440 450546
22 2048 485 512941
20 1768 353 348394
22 1644 113 36346
22 1648 121 48061
21 1664 135 72843
16 1220 111 44577
13 1024 113 46195
17 1308 113 45381
19 1408 105 41815
14 1080 138 65854
17 1320 105 41527
19 1452 120 47143
17 1276 114 45515
19 1468 111 44489
21 1632 131 63599
19 1460 111 43577
19 1464 111 44017
22 1656 114 45494
20 1544 112 46411
21 1660 130 63410
19 1432 111 45393
20 1540 113 45601
22 1648 109 45641
21 1628 114 51136
20 1556 130 70784
20 1532 113 47258
21 1616 113 46701
19 1432 112 50426
20 1548 112 45560
18 1408 132 71280
19 1464 124 62708
17 1464 297 263601
20 1768 389 394559
20 1572 142 77731
20 1580 129 50810
17 1288 117 44175
20 1564 112 42695
21 1574 134 68726
21 1676 135 77821
19 1460 134 80518
21 1644 117 63480
20 1548 118 60974
19 1424 113 61049
17 1328 134 74174
12 1048 214 174800
17 1396 198 146362
16 1240 113 39409
17 1284 114 37104
13 1036 117 62573
15 1184 139 75275
20 1544 112 48951
6 452 113 48385
3 212 113 49329
0 0 30 13819
0 0 18 9151
2 176 112 52486
11 1000 112 51792
7 576 114 48680
21 1644 130 77539
20 1588 128 64250
20 1540 113 47536
19 1456 113 47314
23 1732 113 46591
20 1540 112 46814
21 1632 129 65120
19 1436 113 47021
20 1544 112 46886
22 1676 112 47088
20 1536 113 46849
22 1728 128 65979
19 1436 113 47141
21 1608 112 45527
22 1680 114 46480
19 1472 112 47397
20 1560 129 64948
21 1604 107 45142
21 1616 117 49218
22 1680 114 46195
18 1364 111 46606
21 1636 130 65780
19 1500 108 44930
13 1000 114 47128
16 1200 110 46724
15 1168 118 49815
16 1256 126 64943
15 1164 114 47229
15 1144 113 47640
15 1128 113 46862
21 1620 113 46172
21 1636 129 65084
20 1536 109 44851
22 1720 115 48764
20 1472 113 46538
22 1720 113 46787
20 1528 129 65435
21 1620 112 46570
20 1540 113 47770
22 1674 124 59908
22 1824 203 155379
20 1580 129 61035
19 1460 112 42550
19 1468 114 43597
22 1648 112 42335
19 1436 112 42185
22 1716 129 59329
20 1540 112 42154
21 1616 112 42334
21 1580 113 42315
23 1796 113 43541
21 1636 129 62460
19 1432 113 43313
21 1616 112 42971
20 1504 113 42450
20 1540 113 43006
22 1728 129 60644
19 1472 112 41649
21 1608 112 43603
22 1652 113 43123
14 1096 99 38562
14 1120 141 64884
15 1164 106 39577
15 1168 118 44266
16 1172 110 40971
17 1312 118 44138
15 1184 127 60026
17 1324 113 42963
21 1620 114 44332
20 1476 110 40981
22 1732 114 43479
19 1456 129 59341
21 1616 113 42470
20 1536 111 41902
22 1652 114 42197
20 1540 112 42061
22 1712 130 62147
20 1540 112 42488
21 1624 112 44004
21 1576 113 45551
20 1544 112 45833
23 1808 130 62455
19 1436 112 42478
20 1536 112 42934
21 1580 114 44258
20 1540 112 44526
20 1560 129 61435
20 1540 112 43116
21 1624 112 42907
22 1648 114 44413
20 1540 112 43615
22 1740 129 62765
20 1512 112 43781
21 1644 112 43453
21 1548 112 41981
20 1544 114 43819
22 1740 129 61029
18 1392 112 42118
12 920 101 40097
18 1386 137 63742
16 1368 217 177556
16 1256 123 60242
16 1420 302 283111
17 1668 430 439464
18 1440 199 156755
20 1588 220 169801
21 1720 210 161376
21 1620 112 41527
20 1540 112 43601
20 1508 120 56170
20 1528 112 49420
21 1640 128 65923
20 1548 114 47793
19 1440 112 49579
23 1756 114 48999
20 1544 112 47819
21 1636 129 64172
21 1632 112 47288
19 1468 112 48219
21 1548 112 47136
20 1540 114 47893
21 1664 129 65350
21 1612 112 49364
19 1436 112 47130
22 1648 113 50747
20 1540 110 45708
21 1636 131 66357
21 1616 113 46575
19 1440 112 46408
22 1652 113 46407
21 1616 112 46439
19 1484 127 63144
21 1596 115 48114
20 1536 112 46273
22 1648 113 46232
15 1168 108 46489
13 1012 130 66219
16 1268 109 47432
18 1396 119 51842
15 1132 105 43314
18 1388 121 50214
14 1112 124 61482
15 1144 116 48839
22 1728 113 46894
21 1552 113 47674
20 1536 113 47870
22 1732 129 65834
20 1540 111 45814
21 1624 113 46890
21 1576 114 47696
21 1632 111 47035
20 1560 130 67171
22 1716 111 46732
19 1448 113 48084
22 1652 113 46713
20 1540 113 46954
20 1560 127 64861
21 1616 114 48321
20 1536 113 46395
22 1678 126 61948
20 1656 225 183782
20 1552 129 57427
22 1720 110 37835
21 1628 115 38818
22 1652 113 37976
20 1536 112 39365
19 1448 129 58446
20 1540 112 38960
20 1536 112 39057
22 1664 113 38672
20 1540 113 39378
19 1472 127 55955
16 1240 114 38663
14 1072 112 38463
14 1056 113 37974
17 1320 107 36240
15 1184 135 58413
15 1184 109 36862
12 924 115 39050
15 1128 113 38256
22 1728 113 40049
19 1484 128 59495
18 1384 113 40407
19 1420 112 40506
22 1656 113 38463
19 1484 112 39954
18 1380 130 58788
18 1384 110 38626
20 1536 114 39712
20 1492 114 38056
20 1548 112 38357
19 1484 129 58201
19 1464 113 41309
21 1640 109 39357
19 1396 116 42512
20 1536 112 40090
20 1592 129 57789
20 1540 113 40791
20 1544 112 39208
20 1468 113 40964
20 1544 112 40402
20 1552 129 58853
20 1540 112 39504
20 1540 113 40598
22 1656 113 40091
20 1544 112 40952
21 1636 129 59075
21 1616 112 39758
19 1460 112 40150
23 1728 113 40107
16 1244 106 36677
13 1044 136 60788
15 1176 108 38609
18 1416 116 40403
17 1272 110 38622
17 1320 116 40324
14 1116 129 57396
17 1308 112 37898
20 1552 110 36878
22 1682 130 58836
19 1576 225 186619
21 1656 129 61586
20 1544 113 43222
18 1388 112 43045
20 1500 112 42613
21 1636 113 43666
19 1452 129 61655
19 1460 112 43193
21 1644 112 43121
20 1464 114 43223
21 1648 112 43075
19 1448 129 61666
20 1536 112 43281
22 1720 112 43157
23 1756 113 43657
21 1620 112 43090
20 1552 130 61659
22 1696 112 43036
20 1540 112 42999
20 1492 113 43428
20 1536 112 43342
20 1556 129 61754
21 1616 112 43147
21 1620 111 42538
21 1576 115 43771
19 1464 112 44371
21 1664 129 62516
17 1312 103 40304
11 884 116 45234
35 6063 132 56057
375 521270 339 58730
877 1248672 641 89429
480 677581 435 62553
17 1324 112 43486
18 1320 105 40696
19 1468 121 46497
20 1560 130 63060
19 1468 112 43630
20 1548 112 43369
20 1504 113 43068
22 1696 113 43180
21 1632 129 61877
20 1540 112 43258
21 1616 112 43413
21 1576 113 44068
22 1692 112 43163
18 1376 129 62473
21 1640 113 44182
21 1616 112 43263
19 1420 114 43627
20 1544 112 43108
21 1632 128 61877
20 1532 113 44932
19 1468 112 44109
20 1500 112 42612
20 1516 114 44343
19 1480 129 62422
20 1540 112 42982
20 1528 112 43742
22 1682 127 59906
20 1664 223 185309
20 1564 131 62907
21 1612 113 45230
19 1468 112 44518
21 1564 114 43025
16 1244 112 42489
14 1092 128 60526
19 1488 113 43463
17 1312 105 40111
19 1436 121 45200
14 1096 107 40383
14 1080 134 62893
18 1420 113 45436
20 1548 112 44846
20 1468 113 42709
22 1728 112 42469
19 1472 129 62234
21 1628 112 44310
20 1540 111 44689
22 1656 114 44145
21 1616 113 43544
20 1540 129 61839
20 1552 112 44902
21 1616 112 45235
21 1564 114 43368
19 1468 111 41913
19 1436 130 64239
20 1556 112 44219
21 1644 112 43661
21 1576 114 44913
20 1512 112 42650
21 1624 110 41382
20 1548 131 61210
21 1616 112 42566
21 1576 113 42461
20 1536 113 42670
20 1532 112 42578
20 1548 129 61285
20 1540 112 42506
20 1496 114 42653
20 1540 112 44377
21 1624 112 45671
18 1412 127 62999
17 1344 112 43032
12 884 114 42488
15 1164 114 43200
17 1312 110 41969
15 1212 131 61885
15 1148 113 42565
17 1276 105 39606
18 1400 120 47945
20 1544 112 45301
19 1480 129 64554
20 1560 112 44060
19 1404 113 44211
21 1616 113 44455
21 1620 111 44369
19 1476 130 61777
18 1356 112 44572
23 1782 127 61239
18 1508 225 187808
21 1620 111 45203
20 1548 129 63913
21 1640 114 46202
21 1580 113 44691
20 1512 112 42930
21 1644 112 42945
19 1452 130 61834
20 1536 111 42353
22 1660 114 43556
20 1544 112 42963
21 1616 113 43204
21 1656 129 61608
9 716 42 16426
0 0 0 0
0 0 0 0
0 0 0 0
0 0 0 0
0 0 0 0
0 0 0 0
0 0 0 0
0 0 0 0
0 0 0 0
0 0 0 0
0 0 0 0
0 0 0 0
0 0 0 0
0 0 0 0
0 0 0 0
0 0 0 0
0 0 0 0
0 0 0 0
0 0 0 0
0 0 0 0
21 5079 15 11869
459 659717 299 18359
1077 1531975 645 35668
1102 1501207 673 37304
952 1111109 503 28100
255 83246 12 1088
270 86157 15 2042
276 82933 13 1204
292 83019 12 1120
318 84669 13 1256
263 81166 12 1080
249 81412 14 1200
295 83500 13 1224
238 96795 11 1024
179 62317 12 1028
128 84070 12 988
163 90517 13 1048
212 90492 11 916
338 238220 12 1228
208 135567 11 988
245 209646 12 1088
180 141502 13 1084
257 246082 12 1128
401 131686 11 1188
448 60294 10 1080
370 109216 11 1360
317 85043 14 1348
326 66616 10 1036
297 80350 12 1256
464 88479 12 1376
366 73169 11 1208
532 87972 13 1468
508 87139 12 1372
764 99497 12 1600
342 118725 12 1252
693 96456 13 1700
535 88007 13 1440
442 84899 13 1484
233 99845 12 1144
133 47395 12 1000
604 91852 12 1456
588 90915 14 1628
616 92593 12 1436
812 102009 13 1828
639 92949 12 1532
466 97572 12 1456
422 100517 14 1408
326 50996 12 1172
807 101244 13 1800
821 104671 24 9086
801 100766 13 1828
813 102175 14 1836
813 102447 12 1668
801 100622 13 1800
813 102337 12 1676
546 171816 12 1544
527 119358 13 1392
224 171438 12 1124
772 99778 13 1744
538 88819 12 1428
759 98469 12 1616
689 95922 14 1814
209 141727 11 1076
296 74963 12 1152
593 91666 11 1412
578 90418 12 1484
794 101307 12 1620
806 101418 10 1560
804 101401 13 1864
802 100966 12 1656
812 102329 13 1800
802 100834 13 1704
812 102059 13 1824
803 101164 13 1816
813 102177 12 1648
802 100998 13 1816
814 102229 13 1700
803 101182 13 1804
811 101873 12 1660
802 101302 13 1808
812 102073 12 1656
804 100914 14 1856
811 102147 13 1808
813 102383 12 1672
802 100662 13 1812
812 102073 12 1656
797 101364 14 1836
800 101048 13 1816
804 101060 12 1656
812 101993 13 1808
812 102313 12 1664
803 100970 14 1828
814 102521 12 1680
801 100526 13 1832
813 102237 13 1720
802 101062 13 1832
813 102269 13 1692
802 100854 13 1808
812 102425 13 1812
802 100822 11 1560
813 102497 11 1688
803 100938 13 1808
813 102369 9 1332
801 100894 13 1880
812 102153 10 1492
802 100822 12 1768
475 116336 12 1492
207 58406 12 1024
221 77167 15 1444
303 104802 325 291605
180 55190 124 25843
670 95191 127 31116
809 102399 123 32402
697 96494 126 37805
589 91668 138 52133
650 94611 130 35666
810 102310 125 32900
801 102139 125 34870
599 91870 126 32816
747 99164 142 52789
717 98099 125 35754
810 102105 128 34392
805 101993 124 35304
593 91733 126 34281
813 102467 141 53702
814 102888 125 34892
819 102987 126 36241
734 98116 125 34572
822 103159 125 35861
645 94261 142 52118
722 98142 124 38757
802 101531 126 36597
625 93464 125 34535
810 102100 126 33700
816 103233 142 53175
805 101658 124 34637
805 102384 126 35930
789 100567 106 29836
802 101890 128 34277
659 95074 154 53070
487 86438 115 29486
405 81926 134 33708
695 97022 118 29404
627 93907 116 28828
677 95223 156 53175
596 92396 123 30210
592 91689 127 31585
804 101788 125 31119
659 101903 125 30958
564 83542 143 49716
812 102040 124 31206
813 103278 126 31180
801 101198 124 32417
812 102929 126 36827
671 95622 141 54127
686 96182 126 34309
813 102295 125 32093
807 102104 125 33411
872 117762 126 34865
579 78595 141 50025
739 99400 124 31008
658 94075 126 31062
733 98558 125 30995
702 97351 126 30988
807 102109 141 49564
810 102363 126 32504
662 95911 125 31227
667 94796 124 31939
650 96435 127 33156
376 79796 300 262115
676 95670 125 41361
792 101212 126 42184
669 95894 125 42006
794 101426 126 42060
805 102019 140 59997
699 96465 124 43467
797 101720 124 42063
546 89542 116 40363
572 91600 134 45057
733 96953 134 58452
645 94621 131 43858
800 101489 126 42783
603 92061 124 41156
513 90424 127 42422
501 84880 142 60233
764 100430 125 42140
769 100158 125 43465
716 97795 125 42124
640 94227 125 42387
811 102642 142 60957
656 94477 125 42506
620 93482 126 42175
810 102205 124 42154
807 101739 126 43173
815 102685 142 60970
812 102453 125 43067
816 103082 126 42475
797 101028 125 41802
816 102709 126 41751
801 101649 141 60252
702 97107 125 41944
741 99437 126 42603
672 94989 125 42800
371 102572 125 41494
523 96227 142 58944
357 68785 124 41882
519 87954 126 42785
475 85168 123 41776
532 89996 127 42525
526 88147 143 61227
433 84303 124 42163
491 86714 122 41533
432 84251 127 42682
433 83485 124 41259
361 80743 131 57689
444 84079 135 45096
509 87504 116 38929
465 85302 131 44207
535 89438 120 41188
483 86328 145 62881
499 87501 126 43432
480 86286 125 42393
506 87484 125 42241
484 91641 126 45388
455 79755 141 61737
527 88559 125 43110
537 89507 126 42235
441 83151 125 42055
500 96323 127 43062
341 71770 296 253397
556 89862 124 39085
809 102546 126 39815
727 98289 125 39871
809 102125 126 39902
769 107869 141 59855
639 87082 125 41134
743 98618 125 39936
759 100001 125 40032
793 100006 126 40304
823 103928 142 58190
808 102396 127 39876
673 96000 126 39912
486 86627 125 40188
810 101935 125 40740
810 102178 141 60138
825 103584 125 41638
795 100673 127 41254
674 96464 124 40250
741 98755 127 40614
689 96369 130 55824
799 101863 129 42238
800 101525 120 38829
800 101545 134 43150
810 102572 116 38099
724 98019 149 61259
712 97150 121 39983
806 102314 126 40782
807 102003 127 41968
811 102385 125 40900
652 94963 141 59567
600 92059 125 40824
814 102583 126 41097
810 101616 125 42797
821 103497 126 41610
515 87717 141 60315
518 87857 125 40707
557 90100 125 41240
714 97556 125 42172
815 103091 125 41297
546 88911 143 59805
754 99903 124 41624
735 98829 126 42541
701 96811 125 42511
632 93624 126 41312
668 95221 143 59469
735 99267 125 41743
809 102073 125 41224
741 98516 125 41021
737 98618 125 41941
574 91569 142 60377
761 99519 125 41201
808 102166 124 40306
807 101896 126 41710
705 97325 126 41016
686 96481 142 59282
665 95183 125 41105
816 102885 125 40520
735 98570 111 36405
808 102157 128 41389
498 86948 304 256099
421 83526 213 169125
344 79437 152 67328
439 84247 172 102991
616 100082 116 34145
371 73502 173 95477
731 98863 134 52684
580 91078 136 58481
335 104613 251 212276
165 52053 224 172022
248 68994 240 199143
482 86613 185 95871
469 85295 212 133569
403 82729 262 230080
167 112450 175 120293
119 72158 441 436436
401 65765 169 95001
313 77791 154 73614
651 95342 128 45430
507 87251 125 48299
717 97857 142 64673
676 95425 124 44749
704 97633 168 96741
279 76516 165 101682
564 90216 159 88981
570 90425 142 65466
543 89748 132 61655
480 86091 129 54852
500 101302 331 313479
120 105599 512 532121
117 97709 475 477381
139 124977 408 399119
134 120721 385 364774
294 48155 182 113758
313 78111 157 85371
462 96147 346 321928
189 133834 246 203674
309 77748 130 54070
428 83571 138 71832
611 92387 149 80302
322 78900 172 117003
401 82297 140 73204
526 88235 130 65794
278 157183 355 343453
442 69817 150 68510
300 76812 203 138993
379 84499 167 106617
624 90367 125 59530
415 83695 169 111292
454 84893 152 90002
482 86111 141 72943
663 123609 315 290820
220 229597 499 505047
255 69208 144 69131
390 81954 124 46644
427 83229 143 60083
646 94154 134 69313
590 92325 126 57845
753 98986 124 58061
727 97989 127 57409
399 97589 491 497852
351 66074 201 144686
743 98977 126 54908
668 95217 160 104084
749 99821 126 71331
630 93317 125 74524
614 93200 241 215779
205 171816 421 410793
339 53261 125 46567
381 81342 128 56958
525 87997 132 83546
532 89375 154 102147
596 91370 127 72688
584 91591 128 72867
545 89119 128 72142
583 90353 117 66899
561 90537 148 92553
596 91770 119 67273
555 89697 129 71300
438 84382 123 69159
778 100682 127 69704
810 102474 141 86434
596 91228 127 70029
523 88621 124 73003
591 91952 126 69734
533 88749 137 83779
663 94863 150 90180
530 89379 138 82520
446 84605 165 113824
509 88454 145 89077
294 75827 131 75579
495 87013 140 84348
549 105385 187 139097
255 68032 301 279517
176 176246 509 534997
218 228313 449 448358
100 78246 328 295657
397 72371 150 77188
321 91565 288 260376
163 156486 467 473897
207 211130 449 442013
254 54631 202 145282
289 77259 176 118453
578 90807 180 122724
802 102014 126 63539
751 99728 126 63477
585 91258 141 80396
687 96485 126 66035
821 102772 124 62638
824 102776 127 63348
565 90814 115 58221
818 102289 144 81964
826 103277 122 61869
830 103331 132 67841
664 170375 115 58396
435 60511 134 69492
502 87886 145 88793
681 95658 140 79263
355 80387 169 107067
340 79231 148 83851
350 158325 466 471034
208 44557 294 254881
654 94918 125 40768
800 102116 127 61781
512 87361 163 104512
289 93696 254 212308
286 60554 142 68287
659 95018 126 44155
724 97988 124 44241
456 85092 127 46462
411 83117 259 213885
159 135207 399 384674
287 72257 150 78128
327 93381 304 281048
99 74221 332 303349
447 75349 132 52049
731 98668 146 65697
798 101644 126 42032
472 85489 185 130024
472 85982 133 60935
746 99532 138 69213
308 138146 508 518833
330 52593 146 61257
565 105976 290 255063
123 110624 402 392434
189 47959 125 42704
386 80801 144 67378
657 95553 126 39854
713 96963 251 218649
111 88189 417 402415
449 69609 124 37613
663 94815 132 53867
585 91060 152 70912
652 94499 118 49413
816 102090 128 54270
656 95532 198 147714
313 235796 535 545198
245 254655 446 446428
101 45507 301 263487
664 95444 151 71743
630 93286 125 38203
639 94250 230 176430
793 101044 127 46279
715 98123 124 46568
799 101587 126 46470
832 103887 125 46518
822 102670 142 65354
645 94470 125 46832
572 90420 125 48451
828 103334 125 46510
803 110436 126 47611
574 82639 141 64587
831 103220 125 45656
756 99264 125 46545
741 99676 126 48134
743 99106 125 47838
531 88273 142 65313
658 95670 125 48115
658 94155 124 48758
753 99713 128 51206
414 122753 473 482917
347 52421 273 224190
834 103741 126 46528
755 99117 125 55842
729 98551 124 63581
821 102886 126 67605
817 102312 142 83889
855 112674 124 68935
653 86287 124 68945
819 102655 126 65844
582 90476 116 61137
815 102637 147 88032
828 103309 125 67673
770 100781 124 66707
733 98743 127 66533
820 102376 124 65236
494 86456 141 83112
865 109627 141 76936
1531 1128484 560 91151
1794 1505412 822 104261
1773 1476941 743 99640
1634 1515426 771 115792
1540 1246341 654 94318
694 96644 124 64118
741 98695 128 66793
501 88018 125 65104
822 102616 142 83293
833 103765 125 64973
821 102524 125 65375
822 102518 123 63260
666 97486 126 67286
612 91121 143 83930
495 87003 125 65206
715 97716 125 65094
667 95314 125 65641
274 128440 122 62722
628 93450 145 84985
639 94506 125 65022
803 101735 125 65189
833 103607 125 65214
569 90517 124 64888
828 103325 144 85958
527 88796 126 64800
570 90272 114 59253
748 99141 127 67156
819 102554 131 68065
419 82964 139 81682
646 94277 128 71889
512 88065 151 106937
217 73693 285 256546
159 115095 319 265277
584 88435 141 51156
457 84982 125 32036
731 98844 131 45555
620 92991 125 37270
551 89557 124 37123
727 97756 142 56373
693 96333 126 36778
693 96695 125 36701
624 93451 126 36775
566 90952 249 199281
580 90698 144 60459
638 94241 125 40233
487 86838 124 40486
753 99088 124 40033
636 93646 126 40625
577 91281 139 57818
574 90632 129 42686
545 89555 124 40895
577 90830 126 41150
649 94720 124 41333
646 94036 142 59762
727 98180 127 41896
751 99776 124 40803
646 94146 126 41110
717 97503 126 40333
760 99818 141 59411
633 93535 126 40755
723 98157 124 40756
473 85779 126 41396
507 87787 108 36060
660 94474 153 67853
397 82496 147 66673
560 89929 128 43178
440 84146 122 39879
370 106399 257 209327
173 47597 164 97484
199 87765 279 250933
80 53655 222 165511
112 87531 234 189250
153 99266 196 138883
84 50336 323 292246
87 58776 190 125878
330 152251 236 176220
170 78276 239 182912
347 61696 129 50140
473 86095 142 67665
535 88970 125 52511
540 88942 128 53351
556 89620 128 53170
588 101402 124 47822
546 79846 143 66067
459 85192 127 51859
459 85293 124 43867
583 132288 290 250531
398 59529 125 39528
588 92001 142 59858
504 87290 125 43589
410 82441 155 89065
581 91524 148 68324
769 100669 125 39716
658 95250 142 60565
533 87743 125 44075
478 86366 130 56059
391 81945 128 46874
491 87685 125 48011
588 90966 142 62904
529 88531 127 50357
470 85442 124 49306
544 89301 116 43249
271 76504 323 284697
620 92861 141 70350
471 85356 127 50699
392 81990 125 52651
575 90764 114 44161
519 88223 135 54817
403 82941 141 69824
538 88963 127 43721
800 101253 122 42750
779 100696 128 45890
558 90059 125 48083
647 94555 142 68627
453 84957 129 55609
574 90549 124 49496
598 92262 124 47842
275 95365 127 53429
626 93547 142 69234
510 88014 125 52420
477 85570 125 49335
551 89470 128 53112
577 91525 126 46778
734 98337 141 62079
755 99884 126 44317
811 102067 124 43700
822 102865 126 43857
611 92410 125 43599
822 103171 142 62638
754 99633 125 43686
813 101963 125 43938
752 99698 125 44193
810 101740 125 43947
798 111008 143 62698
675 86901 125 44003
734 98366 125 43552
532 89036 126 44164
697 99967 124 43738
495 82976 140 63268
668 95572 113 39339
538 88865 136 48019
690 96183 116 40668
737 98291 132 50162
742 99700 175 111086
296 83293 318 287077
190 83663 423 419662
224 56729 135 60952
421 82944 123 50621
457 85505 144 65856
375 81293 132 64808
551 89625 125 58000
464 85571 125 58392
349 80183 125 66325
331 79032 141 84707
455 84903 126 53101
673 95552 126 50908
568 90539 125 52940
477 86046 125 58975
583 91530 142 75543
574 90694 126 53919
380 81585 125 61694
498 87198 126 53153
452 84756 184 133557
436 84219 142 76071
529 88448 126 61023
489 87220 124 55180
639 93665 126 53052
835 115525 125 56927
367 68846 142 81685
323 78829 125 71056
363 80525 131 74271
470 85769 125 54752
370 80675 124 59702
595 91131 142 72831
501 87057 127 63860
419 84035 125 59754
476 85981 124 62480
400 82421 118 64635
392 81780 145 72725
638 94140 122 60213
399 81518 128 63151
463 85834 124 58567
494 86591 123 61444
353 80062 142 88743
402 82428 124 66219
384 81500 127 67402
421 83556 126 59177
422 83589 125 61598
465 85693 141 77892
401 82254 126 59001
600 91880 124 54960
537 89038 126 63475
532 89381 125 58036
562 89175 142 77517
493 87291 127 62296
490 86752 124 59672
682 95769 126 56299
473 86471 124 59591
451 84694 142 79813
463 85526 126 62706
497 86596 125 61133
564 90386 126 60783
469 95919 126 62619
454 75419 144 85288
295 76989 126 56293
636 93998 124 51285
758 99385 127 52498
627 93769 124 51350
703 97246 141 69903
815 102115 124 50112
820 103172 127 52674
826 103279 125 51266
753 99031 125 51348
588 91555 128 64977
419 97295 124 51153
637 81335 135 55894
815 102487 118 50135
657 95141 130 53940
699 96283 137 66930
817 102636 128 53392
809 101888 124 53377
547 89617 127 60969
579 104403 180 125043
441 71195 143 83091
566 90607 129 70156
522 88038 124 62347
423 83269 132 70019
453 85319 127 66381
447 84685 140 79222
446 84538 126 62228
708 97186 125 61513
465 85296 127 66537
513 88147 125 66250
505 87090 142 83473
411 83186 126 68458
469 85973 126 67473
486 86569 129 65456
403 82048 125 68180
678 95998 142 74712
470 86111 127 65679
474 85500 123 62538
714 97973 127 63945
461 85077 131 69579
528 96214 142 80932
369 73482 126 67850
412 83142 126 59326
751 99714 125 56103
580 91036 126 57260
633 93148 143 77761
722 97936 126 56920
577 91422 124 56287
691 95738 125 57168
636 105324 125 56818
669 83691 135 72225
676 95314 130 59428
638 94300 119 56250
732 97942 128 58378
679 96248 124 56024
814 113400 142 74730
591 80608 125 56021
660 94699 125 56196
823 103069 126 56931
611 103618 125 56046
518 77038 142 75444
652 94702 125 56194
730 98000 125 56281
823 103171 126 56222
659 94915 125 56648
526 88103 147 85710
358 80978 236 191034
186 123225 381 361775
371 68202 124 43005
575 91092 129 51619
401 82340 165 92041
669 95703 125 45068
539 88609 126 43676
645 94461 126 38607
747 109939 123 37917
637 83473 143 57807
737 98381 126 38540
687 96089 124 38313
737 98863 124 38785
585 91435 303 263688
822 102924 141 62224
814 102239 126 43557
821 103489 125 43619
649 93982 124 43261
812 102163 117 42038
586 91908 148 64879
803 101176 124 43467
819 103072 124 43485
811 101715 116 40591
815 102592 134 46781
634 92393 134 60443
429 84615 128 45398
580 91145 124 49491
581 90766 126 50303
452 90636 125 54822
483 80139 142 66535
534 89143 128 55695
644 94410 125 51085
571 90565 127 51062
608 92685 123 48841
532 88605 143 64628
669 95152 128 46802
757 99615 125 43492
547 89752 124 49512
480 86173 152 85119
480 103791 213 152767
336 92299 149 71308
338 103958 169 102069
811 102120 125 46524
821 103036 126 47209
811 101907 142 65259
598 127874 123 45245
615 76853 127 47855
660 94940 125 46873
547 89654 125 46715
605 92332 142 68590
592 91458 126 51855
543 89431 124 51037
602 92026 124 48183
474 86193 126 47782
684 96340 143 67138
783 101010 126 48235
807 101855 124 49909
571 90141 125 54142
625 92984 124 53423
610 92693 131 65825
592 91152 135 55188
511 87653 117 50651
412 82902 130 51728
624 93192 126 46522
761 107158 141 64803
666 88380 126 47728
662 95123 124 46556
572 90132 125 45999
544 90121 125 47550
810 101784 142 66495
586 91901 124 45350
816 102312 126 47186
732 98513 126 50025
288 76830 348 324686
396 82430 141 58208
639 153729 331 308219
220 225031 405 393206
336 61084 127 49964
451 84766 126 44566
436 84317 164 88625
546 89338 126 41174
439 84181 124 42607
444 84093 127 46988
486 87183 126 40288
519 87769 141 59204
527 88831 127 39488
613 92242 124 39154
619 92937 125 39507
621 93412 126 40864
513 87798 142 59406
557 89449 125 41304
619 93204 125 39957
620 93218 127 40615
525 88637 124 39424
593 91245 133 56589
532 88786 127 40315
612 92165 129 41018
503 87460 124 39259
520 88616 116 36062
457 84335 149 60691
511 87828 118 37238
531 88491 131 42319
618 93122 126 39795
614 92182 124 40012
618 93212 142 58424
618 92946 126 39271
515 88582 125 39052
560 89665 125 39324
599 91771 126 40071
599 92487 142 58621
507 87255 125 39918
524 88021 125 43456
566 90630 126 39860
570 91629 123 40496
362 78971 154 76514
291 102797 361 352680
189 194898 483 493414
182 86047 137 51555
445 84661 131 46651
479 86199 148 71856
705 97033 126 47163
802 101832 124 46374
558 90006 125 46229
522 88348 125 48939
540 89587 141 61716
550 89777 126 44104
399 81733 134 61366
423 83765 126 46007
521 88146 125 43656
801 105316 142 62581
484 82805 127 52242
420 83246 124 51993
364 80938 124 49406
298 77072 247 204628
412 148288 369 342031
208 217242 388 386466
271 57153 190 120405
167 69253 119 37681
530 88417 124 51678
641 93426 152 69932
468 85793 140 66282
488 87149 125 43059
477 85571 125 40533
583 91907 126 45285
284 113577 140 60116
490 68024 128 42416
444 84832 162 95073
207 92583 281 242955
461 74177 124 40194
469 85752 141 61832
531 88073 133 49402
580 91537 126 36307
451 85388 150 72403
231 82416 275 230899
711 89120 142 52958
813 101867 125 33994
829 107125 126 35581
633 90166 124 41099
748 99295 126 43483
524 87873 142 67085
421 85535 180 118160
433 81930 125 46008
550 90327 125 43314
692 96228 125 41819
614 92736 142 59420
502 87594 126 45647
518 87841 299 269066
190 81926 129 39874
351 79890 179 109685
244 80975 237 177423
702 96423 135 53946
699 96875 124 43154
507 87332 124 45700
749 99637 125 40812
808 101995 116 39601
703 96482 146 60590
816 102925 125 41982
658 94842 125 41548
681 95454 125 40486
786 106133 143 62622
410 77853 125 46725
498 123887 299 264119
261 46195 134 47246
480 86245 125 35578
399 82695 277 231326
181 177570 481 492066
167 110382 210 153737
334 78719 138 62826
492 164286 415 413913
153 138126 299 262599
313 101131 310 275425
292 55527 130 42991
520 88019 128 39639
372 81238 306 265620
624 93004 134 53517
748 99642 143 57181
640 93913 125 40294
681 95819 126 40408
749 99121 124 41323
577 91476 124 40844
603 91688 143 59468
821 103093 125 40034
773 100556 125 40473
718 97262 125 40759
613 92911 125 43071
510 87662 144 64738
745 99523 119 40428
525 87886 127 41036
732 98384 125 40272
805 101726 126 40559
817 102592 142 58335
790 101650 116 37594
690 101739 132 42673
638 87589 120 38885
691 96467 128 47172
462 92543 210 157717
292 70611 217 156830
653 94538 124 36702
765 115287 199 134225
201 80000 128 52928
735 98848 143 65424
737 98869 125 45579
722 98149 125 45227
823 103097 126 46694
811 101979 125 48664
658 95033 143 65535
814 102621 124 47500
536 88615 124 45190
796 101767 126 46835
811 101923 126 47257
805 101708 142 66034
707 101163 124 46156
696 92949 125 48976
820 103121 127 47400
773 100585 125 46423
788 100749 142 64670
611 92363 125 46802
643 94287 122 48945
581 91325 128 48693
705 97393 125 46339
813 102043 143 64304
808 112747 124 45797
680 85168 134 56225
389 147830 434 428173
429 64393 124 38666
189 188319 458 466969
237 251959 458 461058
213 65044 149 81620
523 88589 128 44255
549 89144 134 63078
495 86680 134 65050
813 102482 133 48141
823 103059 127 46812
555 89769 253 205954
809 102205 125 45688
645 94215 142 64371
741 99280 124 45562
732 98282 126 47100
528 125477 302 275122
236 250380 491 502137
96 37200 217 163879
433 83853 128 53804
563 90482 134 60000
810 101908 125 50492
821 103041 124 49959
644 94061 172 103220
800 101797 124 46667
768 100824 125 46284
724 97792 125 44243
813 102082 126 47177
813 102290 142 62821
658 95450 124 45182
728 97882 125 46881
821 103284 200 142063
225 183316 400 393129
479 71985 144 67090
626 93792 125 40270
661 94548 132 58983
337 98520 195 139935
597 89131 125 56506
636 93642 145 71987
477 86008 123 57785
464 85623 124 57815
498 87338 125 55323
610 103653 129 58471
355 68174 133 73456
445 84632 141 70864
560 90893 125 56512
538 87549 128 57274
600 92399 125 53409
713 97625 195 134434
251 104991 280 241172
498 83329 125 53324
704 97314 126 44055
612 95069 133 59437
631 90673 182 120880
179 103155 355 336055
478 78074 125 47923
663 95275 125 40043
656 100758 132 56551
485 80126 144 71600
523 88523 125 53503
572 90901 125 50430
566 89990 125 50645
547 89657 133 60822
689 96629 141 68576
686 96060 126 46592
543 89210 125 50160
660 95344 126 50195
579 90665 129 59317
461 85181 143 70363
543 89626 125 49904
530 88890 126 52595
402 82385 297 256467
583 90854 126 45891
520 88807 147 68762
466 84971 127 51874
562 90104 124 47351
583 91743 127 43391
602 91736 123 47330
557 89694 142 62385
583 91017 123 43460
752 99603 121 46416
385 107942 192 124886
420 63247 117 40966
468 92186 297 262248
140 128219 275 219422
188 131763 124 30110
336 100027 227 165851
549 69021 124 31705
489 173945 156 78713
417 72015 127 43442
501 87329 124 46873
194 147747 125 40456
557 90182 126 46267
441 109304 141 65994
259 159291 122 45758
120 92786 125 49571
304 68354 126 47234
457 85287 125 45054
280 78850 145 64899
349 77455 128 51273
317 78596 125 50548
707 96608 125 44764
773 101543 125 44580
603 105239 145 68847
561 76332 125 45819
619 93581 124 43330
390 81324 126 44862
551 89889 124 43801
520 101366 143 60321
390 70657 124 40084
322 76985 124 41697
418 82923 125 41282
508 87907 131 49577
541 89102 143 58729
549 89170 116 38270
544 89272 128 43795
484 222267 129 42494
46 24447 80 25504
0 0 0 0
0 0 0 0
0 0 0 0
0 0 0 0
0 0 0 0
0 0 0 0
0 0 0 0
0 0 0 0
0 0 0 0
0 0 0 0
0 0 0 0
0 0 0 0
0 0 0 0
0 0 0 0
0 0 0 0
0 0 0 0
0 0 0 0
0 0 0 0
0 0 0 0
0 0 0 0
0 0 0 0
0 0 0 0
0 0 0 0
0 0 0 0
0 0 0 0
0 0 0 0
0 0 0 0
15 1362 181 150138
20 1604 176 122476
22 1708 123 57276
20 1536 113 41307
21 1620 122 56868
23 1748 130 66487
19 1440 113 44500
18 1388 103 39710
16 1240 115 50219
15 1160 118 50966
20 1508 128 64277
16 1244 115 51878
16 1208 112 47578
17 1344 105 46791
17 1320 120 53105
20 1504 131 70255
22 1724 132 77135
21 1636 127 63060
20 1544 113 43100
21 1724 228 192378
21 1592 131 68408
20 1544 112 52759
21 1648 112 50168
21 1624 110 47565
21 1620 115 48134
21 1596 130 63359
23 1800 112 44710
20 1544 113 46007
21 1620 112 44432
20 1540 113 44565
23 1752 130 63416
22 1712 112 44542
20 1540 112 43881
22 1724 112 45745
22 1696 112 44597
21 1572 130 61898
20 1564 113 44376
21 1620 112 44078
21 1644 112 45287
22 1696 112 44979
21 1588 131 63440
21 1624 112 43824
22 1700 112 43692
20 1544 112 43574
21 1608 109 42665
14 1064 134 63970
16 1252 112 44270
16 1240 105 41377
15 1172 118 46206
17 1312 109 44415
17 1244 134 66935
17 1376 117 56552
19 1600 270 237780
21 1704 185 139548
21 1812 314 297694
20 1632 273 238701
20 1712 305 290344
23 1860 179 133183
20 1540 116 43087
21 1616 117 48161
22 1818 276 250479
21 1640 123 54703
21 1612 112 41204
20 1540 112 42774
22 1696 112 41098
22 1664 131 59921
20 1532 112 41325
22 1724 112 43502
20 1516 112 41083
22 1720 113 41408
21 1576 118 48172
20 1532 124 59904
21 1620 112 44486
19 1472 112 46521
22 1716 112 44148
21 1580 120 48519
21 1628 123 54972
22 1696 112 44041
19 1440 112 42621
22 1724 111 41476
22 1660 115 41403
19 1452 127 58631
17 1352 108 39400
15 1136 113 41221
15 1172 113 43911
18 1352 116 45393
18 1400 128 62315
17 1312 115 46272
17 1344 112 43233
16 1244 112 41868
22 1656 114 41576
20 1560 127 58569
20 1516 114 42098
19 1472 112 40959
21 1648 113 41319
23 1736 113 41106
19 1444 129 59573
21 1616 112 43419
21 1652 112 44368
21 1616 112 45644
22 1656 113 48347
21 1636 130 66812
21 1608 112 43111
21 1616 112 44016
20 1544 112 44566
22 1652 116 50834
20 1560 129 63749
21 1616 114 46959
21 1624 112 50873
21 1620 112 49692
23 1760 118 55208
19 1452 130 65471
22 1816 241 206437
22 1724 113 47970
20 1540 112 50363
22 1652 113 58145
21 1632 128 63430
20 1540 116 50164
20 1544 112 53338
19 1468 112 47893
17 1462 276 246420
15 1412 346 340605
16 1240 121 33741
19 1464 109 31048
15 1172 133 63559
17 1284 111 47928
17 1324 131 65211
17 1324 113 47285
21 1616 111 46078
21 1620 112 47111
22 1656 117 54417
21 1632 130 63069
18 1364 115 50064
22 1724 113 45437
20 1516 112 50260
22 1660 113 49179
22 1740 129 68429
20 1540 118 58183
22 1700 112 50466
20 1516 112 55007
22 1684 113 48888
22 1716 130 69329
19 1440 114 49983
21 1612 114 46133
22 1712 112 42762
21 1576 114 41372
20 1524 129 61410
21 1628 111 46642
21 1616 113 54290
22 1724 112 46510
20 1472 115 49283
22 1736 131 65409
23 1800 112 42043
20 1544 110 40947
21 1616 115 43124
22 1832 297 275195
21 1724 196 147507
16 1220 112 47966
14 1092 112 49874
17 1320 111 49856
18 1348 109 49582
16 1416 292 266293
17 1400 189 146430
16 1244 117 37519
17 1320 112 36860
22 1656 115 52758
20 1560 135 81614
20 1520 115 54374
22 1724 114 55688
20 1516 113 53160
23 1756 113 54385
20 1560 129 71729
21 1616 113 50701
20 1544 112 50836
21 1612 111 54840
23 1732 115 50121
20 1560 129 67990
20 1512 112 47240
20 1548 111 53455
22 1696 116 56938
23 1918 286 262190
19 1488 129 61946
21 1616 112 41586
22 1700 112 44357
20 1544 111 39224
22 1656 115 44925
20 1564 153 88062
20 1588 181 127862
20 1540 112 39052
22 1848 267 238690
22 1756 224 186434
20 1556 130 68802
21 1616 112 53087
22 1696 112 51188
20 1536 112 51643
14 1024 105 53506
17 1368 130 74023
15 1172 121 58867
16 1212 107 55254
14 1104 125 68160
19 1428 111 51875
16 1252 131 71504
18 1420 112 51178
22 1700 113 49828
20 1540 117 55773
21 1584 117 60563
20 1560 135 77500
21 1620 113 46352
23 1804 113 47952
19 1596 297 286927
22 1756 206 151874
21 1748 251 209143
21 1632 122 53651
21 1612 113 52718
20 1544 112 46404
22 1652 111 43661
22 1712 132 65225
21 1612 112 45332
20 1540 112 47781
20 1516 112 48518
22 1680 114 48587
21 1632 129 68355
21 1620 112 49009
21 1616 112 45640
21 1620 112 45764
21 1556 114 46075
21 1632 129 64894
21 1620 112 45581
20 1540 112 45505
22 1700 112 45130
20 1508 114 44791
20 1560 129 61486
16 1252 112 44362
15 1164 99 39054
17 1328 125 49444
17 1272 112 43871
17 1328 131 63943
17 1340 112 44293
15 1144 103 40806
15 1164 105 41731
22 1830 283 244128
21 1636 130 60638
21 1616 113 43061
21 1612 112 41449
21 1612 112 42566
21 1576 114 41834
22 1708 127 59466
20 1540 114 42622
22 1720 112 41446
20 1512 113 41684
22 1676 113 41980
21 1632 129 59657
20 1544 110 41613
23 1796 114 43647
19 1436 112 42613
22 1652 113 41773
21 1624 129 60936
20 1544 113 42674
21 1616 112 42824
21 1624 112 42499
22 1688 113 40912
19 1480 129 61547
21 1592 112 43650
22 1724 113 43011
19 1436 112 41414
23 1736 113 42664
22 1740 129 62625
19 1436 113 43132
22 1696 113 42872
20 1540 112 41448
16 1212 114 41086
16 1264 128 60475
15 1168 113 43344
17 1344 103 38739
15 1172 121 45605
17 1276 108 39390
16 1256 135 62508
18 1408 111 42912
21 1616 113 42004
20 1540 112 42189
23 1732 113 43765
20 1560 128 60235
20 1568 114 42785
20 1508 110 41914
22 1728 114 43310
21 1548 113 41917
21 1636 129 59647
20 1544 113 41689
21 1616 112 41717
21 1624 111 41614
21 1584 114 42371
20 1560 129 59355
21 1616 112 41701
22 1696 112 41935
20 1540 113 41488
22 1648 113 40958
20 1528 129 62514
21 1644 112 42965
22 1692 112 43533
20 1536 112 43208
23 1898 269 240023
19 1452 129 60608
22 1700 112 42278
21 1616 113 43759
20 1536 112 43113
23 1760 113 41896
19 1456 129 60506
20 1544 108 40191
14 1096 115 42677
15 1164 112 41810
40 6483 133 54772
218 288977 280 69377
509 714316 475 63330
733 1042324 581 67650
699 994304 533 63474
1008 1436088 771 80539
1059 1507464 797 98638
1064 1516056 779 81934
1043 1488312 774 83062
743 1048591 599 71678
20 1504 112 43804
21 1580 129 60110
22 1700 112 44194
21 1644 112 42516
20 1516 113 41962
22 1660 113 41642
21 1628 129 58989
20 1540 112 42658
20 1544 112 43450
19 1468 112 42143
22 1656 114 41392
21 1636 129 60226
20 1540 112 41281
22 1704 112 41496
21 1644 112 41347
22 1656 113 41652
20 1560 129 60249
21 1620 113 41444
21 1616 112 41552
20 1540 111 40881
23 1732 114 42109
20 1556 129 60225
20 1512 113 42332
21 1616 112 42042
20 1540 112 42531
17 1276 111 41986
14 1116 129 61925
15 1172 109 42574
16 1244 118 45640
16 1240 108 42596
15 1136 117 45484
14 1080 128 61227
16 1244 113 43462
20 1548 112 42721
20 1544 112 42573
22 1652 114 43432
18 1380 129 61861
22 1720 112 41448
21 1620 112 41363
20 1540 112 41300
24 1986 271 240864
21 1896 411 412941
19 1676 376 373122
22 1868 283 260281
21 1680 178 123157
22 1652 114 40442
20 1536 144 84238
21 1644 112 54612
21 1616 115 52059
19 1432 116 52480
22 1984 473 500651
22 1800 220 171092
20 1544 112 34655
21 1624 123 54166
21 1620 112 45763
23 1756 113 46385
20 1532 127 61395
20 1544 115 46192
21 1616 112 45319
22 1724 112 44797
21 1552 113 44451
22 1736 129 62130
19 1464 111 42523
15 1172 103 40555
15 1132 114 44817
17 1280 122 51035
18 1408 123 63009
15 1172 118 48081
16 1240 108 43862
15 1172 118 51052
20 1480 114 49174
21 1636 129 65953
21 1940 435 459628
21 1936 454 470077
20 1716 304 284059
22 1728 180 115932
21 1636 135 54493
21 1620 125 50517
21 1616 113 41967
19 1440 112 38854
22 1648 114 38531
22 1740 128 56102
20 1544 113 42078
20 1512 112 42624
21 1620 112 41774
21 1576 113 39821
20 1560 129 58801
21 1620 112 38721
21 1620 113 42444
20 1516 112 39886
21 1580 113 39592
21 1632 129 58222
22 1696 113 41573
19 1440 109 37681
22 1716 115 42153
22 1652 113 39073
21 1660 130 57931
20 1516 112 39945
21 1656 112 40388
21 1616 112 41201
20 1678 261 227984
13 1036 129 58689
17 1328 110 38145
16 1240 114 39050
15 1168 111 37586
16 1204 115 39037
17 1340 132 61219
16 1248 112 38281
20 1540 112 37206
21 1616 112 37211
21 1576 114 37460
20 1528 129 55694
22 1696 111 37620
20 1540 114 37673
21 1620 112 38183
21 1580 113 36845
21 1632 129 55696
21 1644 112 37562
21 1624 110 35805
21 1620 115 39348
20 1508 113 37366
21 1632 129 55624
19 1468 117 43611
21 1924 444 467550
21 1840 346 333076
21 1580 114 36784
21 1812 323 305518
21 1892 415 423985
21 1652 139 69349
21 1648 112 37346
20 1484 120 54816
23 1816 135 69349
19 1468 112 45640
20 1540 113 44057
21 1612 112 45457
22 1656 113 43652
19 1488 130 66581
19 1440 99 41990
16 1280 119 45372
15 1172 116 52569
17 1284 123 52388
19 1704 360 357866
17 1372 172 107103
15 1288 260 227468
18 1744 433 451401
19 1688 421 425948
21 1812 289 260204
21 1632 120 38530
20 1820 420 425152
21 1708 151 99600
23 1812 197 145345
20 1572 157 92722
21 1616 122 56100
21 1624 112 36557
20 1516 112 37204
21 1612 113 37840
20 1532 130 55473
19 1472 112 36532
22 1696 112 36597
21 1616 113 37949
22 1734 181 121431
21 1628 129 55745
21 1624 112 37348
20 1540 112 36684
22 1696 112 35742
21 1580 113 36253
21 1632 130 55035
21 1620 112 35547
22 1724 112 35473
21 1616 112 35750
21 1580 113 35571
6 452 67 16669
1 80 126 39079
1 80 51 11284
0 0 51 10542
1 36 53 10976
0 0 48 10792
1 80 119 34096
0 0 50 13659
0 0 52 12261
3 172 53 12069
7 640 189 136381
16 1252 127 55845
21 1616 111 37287
20 1544 118 47936
23 1732 114 34737
21 1628 127 52494
20 1548 117 39350
21 1616 113 37268
21 1624 112 33930
22 1656 114 33522
21 1632 129 53715
20 1544 112 34651
21 1620 112 35649
21 1620 113 34635
22 1684 113 35827
21 1604 129 54602
20 1544 112 35077
21 1616 113 34062
20 1540 112 33652
22 1656 113 34143
20 1552 129 52370
21 1612 112 33530
22 1696 112 33540
20 1540 113 34042
22 1656 113 33639
20 1560 129 53143
22 1696 112 35441
21 1616 112 33686
20 1544 112 33395
21 1548 113 33954
21 1660 127 52556
20 1512 113 35566
5 384 69 18521
0 0 51 9324
1 36 49 8971
0 0 54 9865
0 0 49 8601
2 160 129 38052
0 0 50 9466
2 138 54 9394
0 0 52 9115
1 80 51 9234
0 0 116 33222
0 0 51 11193
1 36 52 11999
0 0 116 34610
0 0 52 13810
1 80 51 15355
0 0 52 15315
2 88 53 13536
0 0 116 35286
0 0 51 9648
1 80 51 10161
0 0 51 10775
1 36 53 11185
0 0 116 32655
1 80 51 11474
0 0 51 11786
0 0 51 11892
1 36 53 11865
2 132 52 12235
0 0 116 33601
0 0 51 13681
0 0 51 15684
2 116 53 11943
0 0 51 10500
0 0 51 10220
0 0 116 33844
1 80 51 11008
1 36 49 9384
0 0 52 9727
0 0 50 9346
0 0 55 10311
0 0 48 9060
2 116 55 10099
0 0 50 9711
0 0 53 10089
0 0 116 31749
0 0 51 12994
1 36 52 11302
1 80 116 31777
0 0 52 11748
0 0 51 12127
0 0 51 14796
1 36 52 14455
1 80 116 36946
0 0 51 16001
0 0 52 16444
1 80 51 15315
1 36 52 15069
0 0 116 36400
0 0 51 16634
0 0 51 16966
0 0 51 16283
1 36 53 15756
1 80 116 34356
0 0 51 12793
0 0 51 13977
0 0 51 12644
2 138 54 13191
1 80 116 34215
0 0 52 13800
0 0 52 13172
0 0 50 11768
1 36 52 12683
0 0 117 34525
1 80 51 13928
0 0 52 13794
0 0 50 12590
1 36 53 13415
0 0 47 11009
0 0 119 34126
0 0 51 13473
1 80 53 14535
1 36 51 13661
0 0 117 34715
0 0 50 12816
1 80 53 14586
0 0 51 12862
1 36 52 12720
0 0 117 33555
0 0 51 12531
1 80 51 16948
0 0 52 16021
1 36 52 13104
0 0 116 34719
1 80 51 11122
0 0 52 9593
0 0 51 11231
1 36 52 11109
0 0 117 35781
1 56 52 16068
16 1400 301 262755
21 1628 157 98794
21 1580 148 88666
20 1568 171 116583
21 1636 131 76996
20 1540 115 60386
23 1800 113 51865
22 1648 113 47068
20 1560 128 65480
21 1616 112 48667
21 1620 114 54595
21 1952 482 507285
18 1492 258 226160
16 1324 192 140949
17 1660 455 476864
16 1316 213 173162
16 1280 118 40576
18 1340 128 63760
17 1576 386 377096
13 1024 111 40212
20 1552 114 42280
20 1556 129 67487
21 1840 389 390624
21 1632 131 61673
22 1696 112 41937
20 1540 114 46984
21 1620 119 61241
22 1914 364 359059
21 1964 486 511606
21 1748 261 236568
21 1752 256 220382
21 1832 345 337618
21 1632 198 153804
21 1784 264 232460
23 1804 111 48688
20 1540 113 48369
21 1624 126 67275
21 1612 171 126534
21 1840 331 313227
21 1612 112 37668
21 1624 110 33538
21 1616 115 36233
21 1576 112 39540
21 1628 130 56970
21 1620 111 37556
20 1540 113 39196
22 1696 109 38235
21 1552 116 39211
21 1664 129 57224
22 1696 113 40001
14 1096 105 36471
14 1100 119 41428
15 1100 106 36991
18 1408 136 62329
16 1240 107 37148
14 1088 118 43793
16 1224 110 39732
18 1392 115 38767
20 1528 129 59629
21 1692 193 139187
19 1560 203 159237
21 1620 113 41611
21 1576 113 44165
22 1728 141 79867
22 1720 113 44042
49 7999 133 55848
52 6452 133 46974
21 1556 115 41526
21 1632 129 57817
20 1540 112 40274
22 1696 111 38765
19 1440 111 38769
23 1756 115 40628
21 1636 130 57728
19 1440 111 38760
21 1616 113 40155
21 1624 113 40625
22 1652 110 39303
20 1532 132 61032
20 1540 112 41645
22 1696 112 40660
20 1540 112 40525
22 1648 113 43220
21 1628 130 61198
20 1548 111 40868
21 1624 113 42941
22 1720 112 40651
19 1454 112 41877
15 1188 121 55132
17 1316 121 42533
16 1244 112 40309
17 1308 105 38622
16 1176 120 44335
17 1328 125 56387
15 1164 103 36693
21 1836 314 280209
20 1524 125 50938
21 1604 161 101849
21 1804 292 260983
22 1792 200 149689
21 1632 116 41133
20 1544 120 45091
22 1656 114 48830
21 1632 129 64328
20 1540 113 46547
22 1696 117 52526
20 1540 113 43703
22 1652 116 47778
20 1552 134 75472
20 1632 236 206057
21 1724 209 146737
20 1544 114 36598
23 1692 125 48386
20 1552 132 62063
22 1736 112 38837
22 1720 114 45716
20 1540 111 37485
22 1656 114 36206
20 1556 129 60867
21 1684 183 126976
22 1772 194 143744
20 1544 113 36484
21 1552 113 36793
21 1620 129 62483
21 1624 114 43582
16 1248 111 43331
14 1088 114 40833
19 1464 113 37328
15 1168 104 33615
18 1404 136 59988
16 1244 107 41713
16 1248 118 40534
17 1280 113 37341
21 1616 129 65697
22 1776 162 102537
19 1484 128 61351
20 1516 112 38144
22 1728 185 133668
20 1556 129 58789
21 1632 113 44828
21 1744 211 165758
21 1652 154 92917
21 1576 114 43140
22 1696 128 57037
21 1636 115 43803
19 1432 112 45327
22 1724 111 39094
22 1714 174 118840
21 1668 185 129442
21 1812 313 296024
20 1540 117 34750
21 1636 136 62380
20 1476 117 37078
21 1620 115 38316
21 1656 125 56542
22 1696 113 41347
22 1720 113 37864
24 1760 115 43045
22 1724 116 45809
19 1476 153 89433
22 1720 112 38617
21 1620 112 38976
20 1504 111 43202
14 1100 117 40410
17 1340 132 62045
16 1236 113 36574
16 1244 112 36433
16 1316 254 231160
16 1296 178 115463
16 1260 125 52856
19 1468 136 64395
21 1700 170 113051
21 1556 113 38374
20 1536 122 48564
21 1784 298 274286
20 1556 127 56648
20 1516 111 36212
22 1692 114 35709
21 1648 153 89170
20 1628 248 208938
20 1612 183 129913
20 1544 113 38214
21 1580 113 38134
22 1700 112 39714
21 1644 139 69684
20 1720 247 214439
21 1632 132 67348
21 1556 118 48177
21 1624 113 46931
21 1636 129 67995
21 1644 113 45566
20 1540 112 43506
22 1652 112 40249
20 1512 113 41715
22 1732 130 62704
21 1620 111 44688
20 1504 114 48781
21 1576 113 50168
22 1696 112 47480
20 1552 129 66561
16 1220 114 48735
12 960 110 49669
20 1460 122 59988
16 1232 116 48796
16 1260 127 65401
16 1236 116 44146
16 1316 192 144970
19 1450 112 45795
21 1652 116 51174
21 1632 129 68478
20 1512 112 49106
20 1544 113 47330
22 1652 114 46109
21 1620 112 42810
20 1532 129 67115
22 1724 115 41350
20 1576 167 111405
23 1752 120 50123
21 1628 126 67010
20 1708 294 268063
22 1700 112 35820
20 1544 112 32473
22 1652 113 35371
19 1440 112 44107
22 1712 129 63590
21 1616 112 47967
21 1648 115 47187
22 1648 114 45560
20 1540 111 41377
23 1820 129 67307
20 1512 113 41627
21 1644 116 42378
23 1916 275 248526
21 1624 115 32068
21 1636 129 51017
18 1372 122 45798
21 1624 112 49269
20 1500 113 40459
14 1100 110 41853
16 1324 209 164151
16 1324 180 124690
18 1416 104 39140
32 4515 134 60135
161 21000 263 247866
42 3167 169 103131
19 1468 112 46950
20 1544 112 43956
23 1688 117 47189
21 1620 112 42974
21 1632 129 63578
21 1616 111 42465
21 1624 113 42970
21 1576 113 46339
21 1620 111 43736
21 1640 133 70679
21 1624 113 39709
21 1644 112 42894
21 1556 112 41807
21 1612 113 41517
20 1556 129 60740
36 3180 124 50761
20 1544 114 45412
23 1732 113 41112
21 1620 110 44790
19 1552 246 210775
22 1832 219 170021
19 1440 112 27884
24 1858 114 33487
21 1624 112 43519
20 1532 127 62342
21 1648 116 45872
20 1616 223 182648
23 1760 114 44163
19 1432 112 41871
22 1740 129 64249
16 1220 113 44636
16 1268 115 49541
17 1280 113 45813
16 1248 115 56177
16 1256 134 66116
17 1324 114 52193
18 1420 115 48934
17 1284 114 44337
20 1540 114 44128
21 1636 130 64631
21 1596 112 44556
20 1544 123 57313
22 1656 117 50918
23 1736 129 62979
21 1632 130 64402
21 1616 112 44914
20 1540 112 47994
23 1708 114 42584
19 1440 112 44487
22 1716 129 61512
20 1544 114 47749
22 1672 115 49179
22 1648 113 44659
20 1636 230 196235
21 1824 335 311103
21 1704 190 142790
21 1616 114 49938
23 1780 135 71600
21 1688 184 132294
21 1632 129 56283
21 1540 114 43062
24 1824 115 44156
21 1580 113 44018
21 1592 114 42860
21 1632 129 62827
19 1468 112 39298
21 1620 113 48330
22 1680 108 42107
15 1140 119 48885
15 1224 131 61487
17 1312 106 40118
15 1136 118 47183
19 1452 109 41553
16 1208 118 49747
16 1272 128 64098
19 1468 114 43294
21 1640 114 46540
21 1664 243 212221
20 1600 175 112009
21 1640 129 45314
21 1616 111 28026
21 1620 113 40826
21 1570 114 39309
22 1700 112 38517
20 1556 129 57567
21 1700 213 169137
21 1828 341 335541
22 1776 251 217159
23 1816 215 165980
21 1664 136 61560
29 2032 119 42527
21 1616 115 40446
22 1656 114 43348
21 1632 130 62776
21 1664 136 67020
21 1748 254 220575
23 1752 112 40830
21 1580 114 44732
22 1700 115 41567
20 1564 132 61036
21 1620 116 47813
20 1548 117 51528
22 1660 122 49358
20 1516 112 36729
21 1664 129 57253
18 1400 104 35771
15 1140 109 38739
14 1060 125 51374
17 1316 110 39964
15 1184 134 60386
18 1396 124 55385
17 1320 105 35678
17 1312 120 40404
21 1628 124 58017
21 1692 204 154073
20 1612 197 149224
20 1512 112 35649
22 1652 112 36524
21 1624 114 35032
21 1632 129 53216
19 1500 178 123142
22 1720 112 37149
21 1576 113 37728
21 1620 117 42926
21 1748 243 200289
20 1508 112 34228
21 1780 258 223101
22 1956 455 473221
20 1704 298 277230
20 1560 132 48108
22 1704 118 38156
20 1540 112 38740
22 1656 113 37456
23 1720 114 35411
20 1556 129 53691
22 1696 113 35188
19 1472 112 36462
23 1760 113 35051
20 1544 112 34968
21 1632 129 53384
21 1616 112 36414
20 1540 113 39119
25 1886 111 39400
14 1096 112 38176
16 1260 132 57238
15 1140 107 38220
16 1244 120 45326
19 1448 107 37742
16 1244 118 39865
17 1364 129 59603
17 1300 121 52099
21 1616 116 48175
22 1680 112 42240
20 1516 114 37803
22 1716 129 55086
20 1540 112 38150
21 1620 113 35316
21 1592 155 92740
20 1768 379 376687
20 1576 141 61803
20 1544 112 27794
21 1604 118 38992
21 1608 114 36698
69 8051 131 50230
660 916995 529 78887
1075 1520828 888 77699
1067 1520412 767 72301
973 1368746 800 146267
20 1564 141 78046
22 1736 185 133380
23 1696 112 39379
25 1876 113 38815
24 1760 113 38175
21 1620 110 37615
22 1812 214 161952
20 1648 238 202873
21 1720 219 181939
21 1764 318 297991
26 1848 171 108388
22 1732 167 103435
20 1504 120 39141
14 1092 103 39628
17 1316 119 48677
15 1140 119 44185
17 1320 123 59990
16 1240 118 43880
17 1316 110 40405
17 1260 117 43039
20 1544 112 42410
22 1704 129 62835
20 1544 112 41411
20 1512 113 41669
23 1760 113 42259
23 1696 112 43998
23 1736 129 60582
21 1596 115 45597
22 1692 112 43464
23 1704 113 43901
21 1608 112 41751
22 1736 129 60457
20 1540 112 41401
21 1616 113 44597
24 1838 114 41011
20 1540 112 41314
22 1736 128 59581
20 1520 114 44893
21 1620 112 43219
22 1652 113 42527
20 1536 112 41143
22 1740 129 59434
20 1544 111 39825
22 1720 114 43670
23 1728 113 43468
20 1540 112 41527
20 1552 129 60237
22 1724 113 41360
19 1468 111 41925
22 1632 114 43095
14 1084 112 41511
16 1300 129 59947
15 1168 117 50336
16 1208 105 41396
21 1504 120 45580
17 1272 107 41325
19 1464 136 62699
19 1472 112 42373
20 1536 112 42064
23 1704 114 45064
20 1540 112 44486
22 1800 232 194974
21 1656 145 83581
20 1540 112 44253
24 1768 126 52284
21 1620 112 39723
21 1700 209 161851
21 1732 224 182778
21 1592 113 40481
24 1756 116 38601
23 1720 114 39014
20 1552 129 56694
22 1696 112 38442
20 1540 110 37552
21 1552 115 42083
20 1540 112 39895
21 1628 125 56823
22 1696 117 40084
20 1540 112 41625
22 1652 112 37627
20 1544 114 39639
21 1628 129 55201
21 1612 113 38519
21 1620 112 38499
22 1652 113 38192
20 1512 112 38559
20 1560 130 56192
18 1400 112 39970
16 1236 110 38994
18 1348 109 38478
16 1248 118 41042
17 1360 123 55794
15 1164 119 43316
18 1404 110 42489
18 1422 124 56682
19 1432 113 42033
21 1632 129 55652
20 1540 112 39871
22 1728 112 38263
22 1652 114 37439
21 1616 112 40280
20 1532 130 59903
21 1644 112 38431
20 1512 112 37567
22 1652 111 36635
20 1544 114 39258
22 1716 130 58660
21 1616 112 37075
20 1540 112 37648
23 1708 114 37970
19 1436 110 37475
22 1740 132 59006
20 1544 112 38822
23 1804 112 38012
21 1576 113 38752
21 1616 113 47843
22 1736 129 58852
19 1512 190 144588
22 1696 112 52070
21 1640 182 137525
21 1616 112 51838
20 1604 194 159808
23 1972 288 263416
20 1532 120 45214
21 1616 121 45013
13 1000 112 33405
14 1156 165 113964
15 1276 222 161582
18 1424 104 35295
18 1352 120 40533
16 1240 110 37142
15 1204 164 102520
19 1472 112 41927
21 1624 112 42703
22 1652 118 51601
21 1648 110 37157
22 1712 133 64095
21 1616 116 43161
20 1540 111 38501
22 1660 119 47994
20 1536 113 38351
21 1640 130 58030
21 1624 114 37915
21 1616 112 37016
22 1652 114 36404
20 1544 112 36342
21 1632 129 56854
20 1544 112 36842
21 1596 112 36371
22 1656 114 38250
20 1536 112 40305
21 1632 129 57119
20 1544 112 36670
21 1628 112 36713
24 1814 120 47871
19 1472 112 36503
21 1628 129 55412
20 1540 112 37419
21 1616 112 37013
22 1648 114 36925
21 1624 111 36281
20 1560 130 54703
18 1392 112 36447
13 1024 112 36637
15 1132 113 35795
15 1164 112 36518
16 1256 128 54781
16 1252 115 36626
16 1236 105 36166
14 1028 106 34634
21 1620 126 46584
21 1768 274 241589
21 1616 112 33419
20 1544 112 35081
22 1648 112 37093
20 1540 114 42129
21 1604 129 66406
20 1552 123 58599
20 1552 125 58603
22 1664 113 40146
21 1616 113 49172
20 1560 130 65299
21 1616 114 43422
23 2116 436 448312
20 1620 240 192691
20 1548 145 73903
20 1600 198 134649
21 1756 248 218425
21 1616 112 52052
21 1612 168 119564
23 2156 476 498382
21 1632 129 58312
20 1544 113 38018
20 1512 122 52104
23 1764 114 49082
21 1620 116 54526
20 1560 130 62299
22 1700 112 51607
21 1644 147 97754
22 1632 114 49086
15 1180 117 52780
14 1204 279 261804
18 1632 297 262536
17 1312 109 35123
17 1288 126 52661
17 1320 105 42114
16 1236 151 87733
18 1420 113 45150
20 1544 111 43085
22 1652 114 41564
21 1620 112 42265
20 1548 129 60494
22 1700 112 40507
21 1612 113 41482
21 1602 114 41544
21 1620 112 40742
19 1488 129 60516
21 1612 113 41733
21 1624 112 41842
22 1652 113 42913
21 1736 241 205888
20 1556 128 62296
22 1700 112 39832
20 1548 114 42401
22 1648 113 39992
22 1692 112 39971
20 1528 129 59245
20 1536 112 39482
22 1724 110 40193
20 1472 116 39572
21 1616 112 38359
21 1636 129 57296
21 1644 149 94537
21 1616 112 44432
21 1576 112 43081
22 1672 115 43749
21 1636 129 63151
16 1248 106 40304
14 1100 116 43846
15 1128 113 39115
16 1268 115 43144
19 1492 130 57424
17 1288 113 38561
17 1348 112 40221
18 1328 107 39952
18 1400 120 42443
22 1756 182 125064
21 1704 193 146662
20 1540 112 42201
22 1652 113 43612
21 1620 112 45752
21 1628 130 60859
21 1620 112 43828
21 1624 111 42464
21 1544 114 42612
20 1540 113 42201
22 1716 129 61054
21 1620 112 42108
20 1540 112 42081
23 1736 111 40966
20 1540 114 43195
21 1632 129 60571
19 1436 113 43364
23 1792 112 45260
22 1652 113 42695
19 1444 112 41838
22 1740 129 60500
19 1440 112 42039
21 1620 113 42848
22 1652 113 42197
21 1620 112 42394
21 1628 129 59516
21 1628 112 41818
20 1540 113 42071
22 1650 114 42031
16 1248 112 41825
17 1372 129 60650
16 1236 112 41918
17 1316 112 42615
21 1604 113 41887
14 1060 106 39373
17 1340 136 63304
17 1316 112 41898
20 1544 112 41879
22 1652 112 41388
21 1624 113 42479
21 1616 129 60061
21 1632 113 41963
21 1616 112 41814
23 1704 114 42122
20 1544 109 40882
21 1624 133 62504
21 1628 112 41717
20 1544 112 41891
21 1584 113 42810
21 1624 113 41897
21 1648 128 57055
20 1536 114 45407
21 1624 112 44226
22 1800 274 245610
20 1644 220 178561
22 1964 389 387114
21 1680 164 105420
20 1540 113 39713
22 1656 121 48601
22 1700 113 42612
21 1696 192 135839
20 1596 182 130130
20 1540 112 45487
22 1656 114 44251
20 1552 113 45403
21 1616 112 41906
18 1412 125 55315
15 1180 116 39311
16 1208 114 38017
15 1168 103 34126
18 1392 121 41650
16 1256 122 54806
16 1248 120 41392
19 1428 110 37731
19 1472 115 40668
21 1616 110 39441
19 1460 130 58128
21 1652 112 39617
22 1656 114 39771
20 1544 112 39611
22 1696 112 39730
19 1452 129 57449
21 1616 112 37315
23 1756 113 37659
20 1516 113 37855
21 1640 112 38593
20 1560 129 58616
20 1544 112 39249
23 1734 115 37777
21 1592 113 38155
21 1612 112 36891
20 1560 129 56741
21 1620 112 40269
21 1580 113 39144
22 1724 111 37719
21 1616 114 39289
20 1536 129 58465
22 1724 112 40186
21 1580 113 40003
21 1612 112 41181
20 1548 111 38672
22 1716 131 59507
21 1612 112 41007
21 1580 113 41107
17 1316 112 40551
15 1172 106 36217
18 1416 135 59806
17 1308 110 40116
16 1200 117 41170
17 1296 112 42494
17 1340 105 38497
16 1268 136 59336
21 1620 112 41246
21 1576 113 38800
21 1620 113 40050
19 1468 112 39286
22 1712 129 59707
20 1548 112 40390
21 1576 113 40230
21 1628 112 38681
21 1676 183 126898
20 1612 209 156895
19 1464 112 38420
23 1756 113 38651
20 1552 112 38492
21 1620 112 37936
19 1488 130 59994
23 1796 112 40322
21 1548 113 37912
21 1648 112 38122
22 1728 112 38581
20 1560 128 57448
22 1720 114 41887
23 1700 114 41898
20 1544 112 45500
21 1616 112 45904
20 1556 129 60848
22 1692 110 39040
21 1580 116 41740
21 1616 112 38598
22 1696 112 38533
19 1512 130 59059
16 1248 117 53030
15 1128 113 42720
17 1276 105 36232
17 1312 119 41109
17 1328 125 56440
17 1316 117 40404
18 1382 113 38376
17 1292 113 38650
22 1720 113 39471
19 1488 129 57704
22 1696 112 39243
21 1576 114 39589
21 1616 112 39042
20 1540 112 39053
22 1716 128 56817
21 1620 113 40133
21 1572 113 38442
22 1692 112 38512
20 1544 113 41771
21 1632 129 56764
21 1616 110 37583
21 1580 115 39711
21 1608 112 39722
21 1620 112 38987
20 1548 130 58917
22 1700 112 42521
20 1508 112 41700
21 1636 133 75358
20 1552 112 42759
21 1636 145 79766
20 1516 121 54963
21 1580 114 38383
21 1616 112 38327
20 1548 112 37537
22 1708 129 55917
21 1616 112 38472
22 1632 115 39014
17 1320 106 38396
14 1152 174 113945
15 1252 215 171083
18 1420 115 36094
19 1424 113 32784
14 1092 103 30169
16 1248 121 35697
16 1288 130 52217
21 1620 112 33036
22 1660 114 33694
21 1616 112 34318
21 1616 112 33201
20 1560 129 52987
21 1620 112 33646
22 1660 112 32654
21 1620 114 36804
20 1548 118 44623
21 1636 129 53348
22 1696 116 38959
20 1472 113 33657
21 1616 113 40421
20 1548 122 54117
21 1636 131 60316
22 1696 112 32955
21 1580 113 32611
21 1616 112 33330
22 1728 112 32284
21 1636 130 50912
21 1620 112 32705
22 1682 114 34079
20 1544 112 35845
22 1740 126 62453
20 1580 159 100961
21 1720 212 158627
20 1504 114 28976
20 1544 113 29479
20 1548 119 40612
20 1552 116 47449
15 1180 115 34253
16 1212 119 36863
17 1312 116 37201
17 1312 111 33033
17 1360 131 53115
17 1292 112 33353
18 1360 108 32300
18 1396 116 35432
20 1544 114 35015
21 1632 130 55965
22 1692 112 35194
21 1576 113 32791
20 1544 112 32819
21 1612 109 32138
20 1564 132 53014
21 1616 113 32558
22 1684 113 33554
22 1700 112 33684
21 1616 112 33350
20 1560 129 53421
21 1620 112 35880
21 1580 113 36418
20 1516 113 35832
22 1748 176 119005
21 1696 199 145013
20 1540 112 33654
23 1740 114 33972
19 1468 112 32334
21 1616 112 33983
21 1636 129 54894
21 1616 112 33418
21 1552 113 33319
19 1472 112 32783
21 1616 113 32744
22 1708 129 51768
19 1436 112 32712
22 1648 113 33019
16 1240 112 32683
15 1172 105 30561
14 1112 136 53939
18 1400 112 32255
17 1272 114 33976
16 1232 112 33851
16 1244 106 30965
15 1180 134 53517
21 1612 114 34297
23 1728 113 34284
20 1540 112 33962
20 1512 112 33616
20 1556 129 53515
22 1696 113 34236
24 1814 115 32948
21 1640 113 32694
21 1620 111 33101
21 1632 129 51688
21 1612 112 33073
22 1652 113 32593
12 964 51 14839
1 108 1 80
1 108 1 80
1 108 1 80
1 108 1 80
1 108 1 80
1 108 1 80
1 108 1 80
1 108 1 80
1 108 1 80
1 108 1 80
1 108 1 80
1 108 1 80
1 108 1 80
1 108 1 80
1 108 1 80
1 108 1 80
1 108 1 80
1 108 1 80
1 108 1 80
1 108 1 80
1 108 1 80
1 108 1 80
1 108 1 80
1 108 1 80
1 108 1 80
1 108 1 80
1 108 1 80
1 108 1 80
1 108 1 80
1 108 1 80
1 108 1 80
1 108 1 80
1 108 1 80
1 108 1 80
1 108 1 80
1 108 1 80
1 108 1 80
1 108 1 80
2 160 2 132
1 108 1 80
1 108 1 80
1 108 1 80
1 108 1 80
1 108 1 80
1 108 1 80
1 108 1 80
1 108 1 80
1 108 1 80
1 108 1 80
1 108 1 80
1 108 1 80
1 108 1 80
1 108 1 80
1 108 1 80
1 108 1 80
1 108 1 80
1 108 1 80
1 108 1 80
1 108 1 80
0 0 0 0
0 0 0 0
0 0 0 0
0 0 0 0
0 0 0 0
0 0 0 0
0 0 0 0
0 0 0 0
0 0 0 0
0 0 0 0
0 0 0 0
0 0 0 0
0 0 0 0
0 0 0 0
0 0 0 0
0 0 0 0
0 0 0 0
0 0 0 0
0 0 0 0
0 0 0 0
0 0 0 0
0 0 0 0
0 0 0 0
0 0 0 0
1 52 1 52
0 0 0 0
0 0 0 0
0 0 0 0
0 0 0 0
0 0 0 0
0 0 0 0
0 0 0 0
0 0 0 0
0 0 0 0
0 0 0 0
0 0 0 0
0 0 0 0
0 0 0 0
0 0 0 0
0 0 0 0
0 0 0 0
0 0 0 0
0 0 0 0
0 0 0 0
0 0 0 0
0 0 0 0
0 0 0 0
0 0 0 0
0 0 0 0
0 0 0 0
0 0 0 0
0 0 0 0
0 0 0 0
0 0 0 0
0 0 0 0
0 0 0 0
0 0 0 0
0 0 0 0
0 0 0 0
0 0 0 0
0 0 0 0
0 0 0 0
0 0 0 0
0 0 0 0
0 0 0 0
0 0 0 0
0 0 0 0
0 0 0 0
0 0 0 0
1 52 1 52
0 0 0 0
0 0 0 0
0 0 0 0
0 0 0 0
0 0 0 0
0 0 0 0
0 0 0 0
0 0 0 0
0 0 0 0
0 0 0 0
0 0 0 0
0 0 0 0
0 0 0 0
0 0 0 0
0 0 0 0
0 0 0 0
0 0 0 0
0 0 0 0
0 0 0 0
0 0 0 0
0 0 0 0
0 0 0 0
0 0 0 0
0 0 0 0
0 0 0 0
0 0 0 0
0 0 0 0
0 0 0 0
0 0 0 0
0 0 0 0
0 0 0 0
0 0 0 0
0 0 0 0
0 0 0 0
0 0 0 0
0 0 0 0
0 0 0 0
0 0 0 0
0 0 0 0
0 0 0 0
0 0 0 0
0 0 0 0
0 0 0 0
0 0 0 0
1 52 0 0
0 0 1 52
0 0 0 0
0 0 0 0
0 0 0 0
0 0 0 0
0 0 0 0
0 0 0 0
0 0 0 0
0 0 0 0
0 0 0 0
0 0 0 0
0 0 0 0
0 0 0 0
0 0 0 0
0 0 0 0
0 0 0 0
0 0 0 0
0 0 0 0
0 0 0 0
0 0 0 0
0 0 0 0
0 0 0 0
0 0 0 0
0 0 0 0
0 0 0 0
0 0 0 0
0 0 0 0
0 0 0 0
0 0 0 0
0 0 0 0
0 0 0 0
0 0 0 0
0 0 0 0
0 0 0 0
0 0 0 0
0 0 0 0
0 0 0 0
0 0 0 0
0 0 0 0
0 0 0 0
0 0 0 0
0 0 0 0
0 0 0 0
0 0 0 0
0 0 0 0
1 52 1 52
0 0 0 0
0 0 0 0
0 0 0 0
0 0 0 0
0 0 0 0
0 0 0 0
0 0 0 0
0 0 0 0
0 0 0 0
0 0 0 0
0 0 0 0
0 0 0 0
0 0 0 0
0 0 0 0
0 0 0 0
0 0 0 0
0 0 0 0
0 0 0 0
0 0 0 0
0 0 0 0
0 0 0 0
0 0 0 0
0 0 0 0
0 0 0 0
0 0 0 0
0 0 0 0
0 0 0 0
0 0 0 0
0 0 0 0
0 0 0 0
0 0 0 0
0 0 0 0
0 0 0 0
0 0 0 0
0 0 0 0
0 0 0 0
0 0 0 0
0 0 0 0
0 0 0 0
0 0 0 0
0 0 0 0
0 0 0 0
0 0 0 0
0 0 0 0
0 0 0 0
0 0 0 0
0 0 0 0
0 0 0 0
1 52 1 52
0 0 0 0
0 0 0 0
0 0 0 0
0 0 0 0
0 0 0 0
0 0 0 0
0 0 0 0
0 0 0 0
0 0 0 0
0 0 0 0
0 0 0 0
0 0 0 0
0 0 0 0
0 0 0 0
0 0 0 0
0 0 0 0
0 0 0 0
0 0 0 0
15 3472 13 10729
622 52065 1461 2124532
107 20189 418 456883
117 28515 187 183373
96 21025 172 130304
56 19375 147 155768
164 33148 674 785691
193 32631 375 351349
1 63 4 508
0 0 0 0
0 0 0 0
0 0 0 0
2 195 2 158
0 0 0 0
0 0 0 0
0 0 0 0
0 0 0 0
0 0 0 0
0 0 0 0
0 0 0 0
0 0 0 0
0 0 0 0
0 0 0 0
0 0 0 0
0 0 0 0
0 0 0 0
1 52 1 52
0 0 0 0
0 0 0 0
0 0 0 0
0 0 0 0
0 0 0 0
0 0 0 0
0 0 0 0
0 0 0 0
0 0 0 0
14 3593 9 8343
19 6134 26 15527
0 0 0 0
12 3743 16 5931
0 0 0 0
0 0 0 0
0 0 0 0
13 1329 17 2524
40 8196 42 6774
113 16290 162 180244
29 19509 28 13525
79 20184 211 210418
99 16535 273 307543
24 6462 36 26427
4 301 4 229
1 52 1 52
18 7781 30 16595
27 16779 19 2076
55 7322 224 243330
33 10580 63 46682
6 4235 4 243
6 817 18 18347
0 0 0 0
81 10606 370 463492
0 0 0 0
0 0 0 0
0 0 0 0
3 891 4 264
0 0 0 0
0 0 0 0
35 7830 254 314568
0 0 0 0
0 0 0 0
0 0 0 0
0 0 0 0
41 9574 262 314904
0 0 0 0
3 898 5 363
0 0 0 0
0 0 0 0
0 0 0 0
0 0 0 0
34 7780 267 330201
0 0 0 0
0 0 0 0
0 0 0 0
0 0 0 0
4 948 5 316
0 0 0 0
51 8818 420 527483
0 0 0 0
0 0 0 0
22 7752 108 121492
0 0 0 0
0 0 0 0
1 52 1 52
0 0 0 0
1 52 1 52
0 0 0 0
52 8842 407 506172
0 0 0 0
0 0 0 0
0 0 0 0
30 4662 241 300717
10 3459 47 54032
0 0 0 0
0 0 0 0
0 0 0 0
0 0 0 0
0 0 0 0
0 0 0 0
37 7961 261 320909
0 0 0 0
0 0 0 0
0 0 0 0
35 7845 264 325124
0 0 0 0
0 0 0 0
0 0 0 0
0 0 0 0
1 52 1 52
0 0 0 0
0 0 0 0
50 8763 418 523802
0 0 0 0
0 0 0 0
0 0 0 0
0 0 0 0
30 7544 214 264102
0 0 0 0
0 0 0 0
12 6440 48 50022
10 5091 12 4578
0 0 0 0
30 7542 220 269815
0 0 0 0
0 0 0 0
3 3035 0 0
27 4507 219 268879
0 0 0 0
1 52 1 52
16 6685 78 89759
0 0 0 0
0 0 0 0
5 260 5 260
36 7913 270 333471
0 0 0 0
0 0 0 0
2 104 0 0
0 0 2 104
0 0 0 0
0 0 0 0
33 8943 250 305757
0 0 0 0
0 0 0 0
0 0 0 0
0 0 0 0
35 7854 263 323039
0 0 0 0
0 0 0 0
0 0 0 0
0 0 0 0
30 7547 212 259248
0 0 0 0
0 0 0 0
1 52 1 52
23 4257 193 241927
0 0 0 0
0 0 0 0
5 3167 5 506
0 0 0 0
0 0 0 0
12 6526 12 6102
31 7618 224 274507
0 0 0 0
0 0 0 0
0 0 0 0
1 52 1 52
0 0 0 0
15 6641 78 88323
0 0 0 0
0 0 0 0
0 0 0 0
26 4453 216 270492
0 0 0 0
1 52 1 52
0 0 0 0
10 6339 39 46110
1 67 5 432
5 260 0 0
5 3174 11 822
2 191 2 184
0 0 0 0
0 0 0 0
25 7261 139 161725
0 0 0 0
0 0 0 0
0 0 0 0
0 0 0 0
9 3427 49 58977
0 0 0 0
0 0 0 0
0 0 0 0
0 0 0 0
0 0 0 0
0 0 0 0
0 0 0 0
0 0 0 0
0 0 0 0
0 0 0 0
1 52 1 52
0 0 0 0
2 797 3 206
0 0 0 0
0 0 0 0
0 0 0 0
0 0 0 0
20 4927 16 12006
645 932534 377 22674
1063 1543476 755 41160
1009 1465068 613 34248
1062 1542024 654 35792
638 924976 403 22204
765 1110780 477 26164
809 1174668 508 28440
69 99539 73 3968
1 52 1 809
0 0 0 0
0 0 0 0
0 0 0 0
1 52 1 52
0 0 0 0
0 0 0 0
0 0 0 0
0 0 0 0
5 260 5 260
0 0 0 0
0 0 0 0
0 0 0 0
2 104 2 104
0 0 0 0
0 0 0 0
0 0 0 0
0 0 0 0
0 0 0 0
3 156 2 177
4 208 4 354
0 0 0 0
4 208 4 354
0 0 0 0
2 104 2 177
2 104 2 177
9 6215 11 4524
0 0 0 0
0 0 0 0
0 0 0 0
10 3822 14 10909
0 0 0 0
0 0 0 0
1 52 1 52
0 0 0 0
0 0 0 0
0 0 0 0
0 0 0 0
0 0 0 0
0 0 0 0
0 0 0 0
1 52 1 52
0 0 0 0
0 0 0 0
0 0 0 0
0 0 0 0
0 0 0 0
0 0 0 0
0 0 0 0
0 0 0 0
0 0 0 0
0 0 0 0
0 0 0 0
0 0 0 0
1 52 1 52
2 104 2 177
0 0 0 0
0 0 0 0
0 0 0 0
0 0 0 0
0 0 0 0
0 0 0 0
0 0 0 0
0 0 0 0
0 0 0 0
0 0 0 0
13 7739 14 6265
0 0 0 0
0 0 0 0
0 0 0 0
0 0 0 0
0 0 0 0
0 0 0 0
0 0 0 0
0 0 0 0
0 0 0 0
0 0 0 0
0 0 0 0
1 52 1 52
0 0 0 0
0 0 0 0
0 0 0 0
0 0 0 0
0 0 0 0
0 0 0 0
0 0 0 0
0 0 0 0
0 0 0 0
0 0 0 0
0 0 0 0
0 0 0 0
0 0 0 0
0 0 0 0
0 0 0 0
0 0 0 0
0 0 0 0
0 0 0 0
0 0 0 0
0 0 0 0
0 0 0 0
24 14619 32 21117
0 0 0 0
114 16110 594 738399
175 23570 952 1183305
17 6443 36 24174
0 0 0 0
0 0 0 0
0 0 0 0
0 0 0 0
0 0 0 0
133 10734 1209 1539247
16 3439 114 137417
0 0 0 0
0 0 0 0
40 6334 322 403323
119 9770 1153 1465019
0 0 0 0
0 0 0 0
0 0 0 0
0 0 0 0
0 0 0 0
164 14973 1553 1973401
0 0 0 0
0 0 0 0
3 898 4 258
0 0 0 0
177 15812 1701 2160385
1 52 1 52
0 0 0 0
0 0 0 0
0 0 0 0
0 0 0 0
71 6810 663 845146
112 9441 1281 1628502
0 0 0 0
0 0 0 0
0 0 0 0
68 6628 594 756777
127 10290 1151 1459510
2 837 3 211
0 0 0 0
0 0 0 0
0 0 0 0
69 6687 657 838516
82 7492 1084 1375538
0 0 0 0
0 0 0 0
0 0 0 0
0 0 0 0
34 4545 301 382725
121 10045 1390 1766173
0 0 0 0
0 0 0 0
0 0 0 0
68 6628 630 804010
60 6151 1052 1337439
0 0 0 0
0 0 0 0
0 0 0 0
0 0 0 0
0 0 0 0
173 15847 1618 2055200
0 0 0 0
0 0 0 0
0 0 0 0
20 3719 162 204681
107 9297 1501 1906165
0 0 0 0
0 0 0 0
0 0 0 0
0 0 0 0
0 0 0 0
16 3459 98 119607
99 8757 1674 2132291
0 0 0 0
0 0 0 0
0 0 0 0
198 17459 1858 2361992
0 0 0 0
10 7524 13 5877
0 0 0 0
0 0 0 0
0 0 0 0
0 0 0 0
3 2651 0 0
186 14514 1790 2271295
0 0 0 0
0 0 0 0
98 11122 868 1096682
0 0 0 0
3 2651 0 0
89 8309 791 1001182
0 0 0 0
99 11190 912 1153023
0 0 0 0
0 0 0 0
89 10562 796 1005291
0 0 0 0
0 0 0 0
0 0 0 0
0 0 0 0
3 2652 0 0
180 11381 1767 2252597
0 0 0 0
0 0 0 0
0 0 0 0
0 0 0 0
3 2652 0 0
181 11482 1797 2289408
0 0 0 0
0 0 0 0
0 0 0 0
0 0 0 0
0 0 0 0
0 0 0 0
0 0 0 0
0 0 0 0
1 52 1 52
3 2658 0 0
181 15971 1684 2135926
0 0 0 0
0 0 0 0
0 0 0 0
0 0 0 0
0 0 0 0
0 0 0 0
0 0 0 0
0 0 0 0
0 0 0 0
0 0 0 0
181 13939 1740 2216793
1 52 1 52
0 0 0 0
0 0 0 0
0 0 0 0
0 0 0 0
0 0 0 0
0 0 0 0
0 0 0 0
0 0 0 0
2 116 2 104
0 0 0 0
161 12672 1539 1962097
0 0 0 0
0 0 0 0
0 0 0 0
0 0 0 0
0 0 0 0
0 0 0 0
0 0 0 0
0 0 0 0
0 0 0 0
0 0 0 0
0 0 0 0
156 12354 1602 2039566
0 0 0 0
0 0 0 0
0 0 0 0
0 0 0 0
10 5137 12 4584
0 0 0 0
0 0 0 0
1 52 0 0
0 0 1 52
107 9309 971 1236580
25 1633 227 286408
0 0 0 0
0 0 0 0
0 0 0 0
0 0 0 0
0 0 0 0
0 0 0 0
0 0 0 0
0 0 0 0
0 0 0 0
0 0 0 0
102 8934 1451 1850791
0 0 0 0
0 0 0 0
0 0 0 0
0 0 0 0
0 0 0 0
0 0 0 0
0 0 0 0
0 0 0 0
0 0 0 0
0 0 0 0
0 0 0 0
114 9703 1489 1898022
0 0 0 0
0 0 0 0
0 0 0 0
0 0 0 0
0 0 0 0
0 0 0 0
0 0 0 0
0 0 0 0
0 0 0 0
0 0 0 0
146 16534 1485 1874357
0 0 0 0
0 0 0 0
0 0 0 0
0 0 0 0
0 0 0 0
0 0 0 0
0 0 0 0
0 0 0 0
1 52 1 52
0 0 0 0
141 11453 1330 1694433
0 0 0 0
0 0 0 0
0 0 0 0
0 0 0 0
0 0 0 0
0 0 0 0
0 0 0 0
0 0 0 0
0 0 0 0
0 0 0 0
0 0 0 0
98 8682 1500 1911003
0 0 0 0
0 0 0 0
0 0 0 0
0 0 0 0
0 0 0 0
0 0 0 0
0 0 0 0
0 0 0 0
0 0 0 0
0 0 0 0
91 8264 1494 1899354
0 0 0 0
0 0 0 0
0 0 0 0
0 0 0 0
0 0 0 0
11 6497 12 6084
0 0 0 0
0 0 0 0
0 0 0 0
0 0 0 0
108 9341 1203 1528354
0 0 0 0
0 0 0 0
0 0 0 0
0 0 0 0
0 0 0 0
0 0 0 0
0 0 0 0
0 0 0 0
1 52 1 52
0 0 0 0
0 0 0 0
161 12709 1551 1976699
0 0 0 0
0 0 0 0
0 0 0 0
0 0 0 0
0 0 0 0
0 0 0 0
0 0 0 0
0 0 0 0
0 0 0 0
0 0 0 0
131 10765 1260 1603266
0 0 0 0
0 0 0 0
0 0 0 0
0 0 0 0
0 0 0 0
0 0 0 0
0 0 0 0
0 0 0 0
0 0 0 0
0 0 0 0
0 0 0 0
36 11757 214 256271
0 0 0 0
0 0 0 0
0 0 0 0
0 0 0 0
0 0 0 0
0 0 0 0
0 0 0 0
0 0 0 0
0 0 0 0
0 0 0 0
0 0 0 0
0 0 0 0
0 0 0 0
0 0 0 0
0 0 0 0
0 0 0 0
0 0 0 0
0 0 0 0
1 52 1 52
0 0 0 0
0 0 0 0
0 0 0 0
0 0 0 0
0 0 0 0
0 0 0 0
0 0 0 0
0 0 0 0
0 0 0 0
0 0 0 0
0 0 0 0
0 0 0 0
0 0 0 0
0 0 0 0
0 0 0 0
0 0 0 0
0 0 0 0
0 0 0 0
0 0 0 0
0 0 0 0
10 5140 12 4588
0 0 0 0
0 0 0 0
0 0 0 0
0 0 0 0
0 0 0 0
0 0 0 0
0 0 0 0
0 0 0 0
0 0 0 0
0 0 0 0
0 0 0 0
0 0 0 0
0 0 0 0
0 0 0 0
0 0 0 0
0 0 0 0
0 0 0 0
0 0 0 0
0 0 0 0
0 0 0 0
0 0 0 0
0 0 0 0
0 0 0 0
1 52 1 52
0 0 0 0
0 0 0 0
0 0 0 0
0 0 0 0
0 0 0 0
0 0 0 0
0 0 0 0
0 0 0 0
0 0 0 0
0 0 0 0
0 0 0 0
0 0 0 0
0 0 0 0
0 0 0 0
0 0 0 0
11 6419 14 5929
0 0 0 0
0 0 0 0
0 0 0 0
0 0 0 0
0 0 0 0
0 0 0 0
0 0 0 0
0 0 0 0
0 0 0 0
0 0 0 0
0 0 0 0
0 0 0 0
0 0 0 0
0 0 0 0
0 0 0 0
0 0 0 0
0 0 0 0
0 0 0 0
0 0 0 0
0 0 0 0
0 0 0 0
0 0 0 0
0 0 0 0
0 0 0 0
0 0 0 0
0 0 0 0
0 0 0 0
0 0 0 0
1 52 1 52
0 0 0 0
0 0 0 0
0 0 0 0
0 0 0 0
0 0 0 0
39 20302 46 30309
38 9406 66 65910
6 4211 5 333
0 0 0 0
0 0 0 0
0 0 0 0
79 10181 331 414412
1 772 0 0
1 64 3 209
9 5954 20 14729
0 0 0 0
0 0 0 0
0 0 0 0
25 6926 176 215799
0 0 0 0
0 0 0 0
0 0 0 0
26 7709 178 216388
1 64 3 209
0 0 0 0
0 0 0 0
0 0 0 0
27 7059 198 243549
0 0 0 0
0 0 0 0
0 0 0 0
0 0 0 0
1 779 0 0
2 843 4 264
28 8329 197 238638
0 0 0 0
0 0 0 0
0 0 0 0
28 9050 181 216902
2 125 3 199
0 0 0 0
29 9890 189 225922
0 0 0 0
0 0 0 0
0 0 0 0
0 0 0 0
24 4173 190 236462
5 3015 5 426
1 52 1 52
0 0 0 0
0 0 0 0
0 0 0 0
0 0 0 0
0 0 0 0
28 7123 196 237685
0 0 0 0
0 0 0 0
0 0 0 0
0 0 0 0
0 0 0 0
40 7861 333 417069
0 0 0 0
0 0 0 0
0 0 0 0
0 0 0 0
0 0 0 0
0 0 0 0
26 7004 196 240689
0 0 0 0
0 0 0 0
0 0 0 0
0 0 0 0
32 7378 201 243056
0 0 0 0
0 0 0 0
0 0 0 0
0 0 0 0
0 0 0 0
5 4790 0 0
5 347 12 4584
39 5093 340 429223
4 2956 5 418
0 0 0 0
0 0 0 0
0 0 0 0
25 6943 171 208017
0 0 0 0
0 0 0 0
11 6094 36 35999
0 0 0 0
0 0 0 0
0 0 0 0
24 6884 165 202310
1 52 1 52
11 6095 31 29429
0 0 0 0
0 0 0 0
0 0 0 0
0 0 0 0
31 10025 193 230945
0 0 0 0
0 0 0 0
0 0 0 0
0 0 0 0
0 0 0 0
0 0 0 0
41 7930 342 426509
0 0 0 0
0 0 0 0
12 7372 29 22954
0 0 0 0
12 2354 10 7495
58 34769 199 222103
873 1267596 624 34204
818 1187736 527 29148
930 1350360 541 29584
936 1352951 642 60951
4 2965 5 510
7 6121 1 809
4 287 13 5879
0 0 0 0
0 0 0 0
0 0 0 0
0 0 0 0
27 7087 177 214376
0 0 0 0
0 0 0 0
4 2970 4 457
0 0 0 0
0 0 0 0
0 0 0 0
25 6995 174 211083
0 0 0 0
0 0 0 0
0 0 0 0
0 0 0 0
6 3079 24 26087
0 0 0 0
1 52 1 52
4 2959 4 457
0 0 0 0
0 0 0 0
0 0 0 0
0 0 0 0
0 0 0 0
24 6890 166 201420
0 0 0 0
0 0 0 0
0 0 0 0
0 0 0 0
0 0 0 0
0 0 0 0
26 8225 166 201142
0 0 0 0
0 0 0 0
0 0 0 0
0 0 0 0
5 3020 6 568
5 4796 0 0
13 6265 31 19363
0 0 0 0
0 0 0 0
0 0 0 0
0 0 0 0
0 0 0 0
0 0 0 0
23 6827 159 192773
0 0 0 0
0 0 0 0
0 0 0 0
0 0 0 0
0 0 0 0
0 0 0 0
24 6889 160 194522
0 0 0 0
0 0 0 0
0 0 0 0
4 2959 5 503
0 0 0 0
0 0 0 0
23 6828 163 199317
0 0 0 0
0 0 0 0
1 52 1 52
0 0 0 0
0 0 0 0
6 4292 16 14363
0 0 0 0
4 2960 6 568
0 0 0 0
0 0 0 0
0 0 0 0
0 0 0 0
0 0 0 0
25 6952 163 197810
0 0 0 0
0 0 0 0
0 0 0 0
0 0 0 0
12 7783 14 7442
0 0 0 0
24 6890 160 194554
0 0 0 0
0 0 0 0
0 0 0 0
0 0 0 0
5 3019 15 14378
0 0 0 0
0 0 0 0
5 3020 5 511
0 0 0 0
0 0 0 0
0 0 0 0
0 0 0 0
0 0 0 0
25 6951 167 201615
0 0 0 0
0 0 0 0
0 0 0 0
0 0 0 0
0 0 0 0
0 0 0 0
25 8163 169 202409
0 0 0 0
0 0 0 0
0 0 0 0
0 0 0 0
6 3079 16 14302
1 52 1 52
4 2959 5 503
0 0 0 0
0 0 0 0
0 0 0 0
0 0 0 0
0 0 0 0
0 0 0 0
24 6884 167 203662
0 0 0 0
5 4797 0 0
4 288 10 4478
0 0 0 0
0 0 0 0
0 0 0 0
23 6828 165 200406
0 0 0 0
0 0 0 0
4 2959 5 511
0 0 0 0
0 0 0 0
0 0 0 0
24 6888 168 203430
0 0 0 0
0 0 0 0
0 0 0 0
0 0 0 0
0 0 0 0
5 3019 15 14381
0 0 0 0
4 2959 5 511
0 0 0 0
0 0 0 0
0 0 0 0
0 0 0 0
0 0 0 0
27 7077 162 194120
0 0 0 0
5 3020 5 503
0 0 0 0
0 0 0 0
0 0 0 0
0 0 0 0
5 3020 21 22760
0 0 0 0
1 52 1 52
0 0 0 0
0 0 0 0
0 0 0 0
0 0 0 0
6 6073 1 68
5 347 13 5864
0 0 0 0
0 0 0 0
0 0 0 0
0 0 0 0
0 0 0 0
0 0 0 0
0 0 0 0
0 0 0 0
0 0 0 0
0 0 0 0
0 0 0 0
0 0 0 0
0 0 0 0
0 0 0 0
0 0 0 0
0 0 0 0
0 0 0 0
0 0 0 0
0 0 0 0
0 0 0 0
0 0 0 0
0 0 0 0
0 0 0 0
0 0 0 0
0 0 0 0
0 0 0 0
0 0 0 0
0 0 0 0
0 0 0 0
0 0 0 0
0 0 0 0
0 0 0 0
0 0 0 0
0 0 0 0
0 0 0 0
0 0 0 0
0 0 0 0
0 0 0 0
6 4847 2 120
4 287 10 4457
0 0 0 0
0 0 0 0
0 0 0 0
0 0 0 0
0 0 0 0
0 0 0 0
0 0 0 0
0 0 0 0
0 0 0 0
0 0 0 0
0 0 0 0
0 0 0 0
0 0 0 0
0 0 0 0
0 0 0 0
0 0 0 0
0 0 0 0
0 0 0 0
0 0 0 0
0 0 0 0
0 0 0 0
0 0 0 0
0 0 0 0
0 0 0 0
0 0 0 0
0 0 0 0
0 0 0 0
0 0 0 0
0 0 0 0
0 0 0 0
0 0 0 0
1 52 1 52
0 0 0 0
0 0 0 0
0 0 0 0
0 0 0 0
0 0 0 0
0 0 0 0
7 6123 1 52
4 287 13 5870
0 0 0 0
0 0 0 0
0 0 0 0
1 52 1 52
0 0 0 0
0 0 0 0
0 0 0 0
0 0 0 0
0 0 0 0
0 0 0 0
0 0 0 0
0 0 0 0
0 0 0 0
0 0 0 0
0 0 0 0
0 0 0 0
0 0 0 0
0 0 0 0
0 0 0 0
0 0 0 0
0 0 0 0
0 0 0 0
0 0 0 0
0 0 0 0
0 0 0 0
0 0 0 0
0 0 0 0
0 0 0 0
0 0 0 0
0 0 0 0
0 0 0 0
0 0 0 0
0 0 0 0
0 0 0 0
0 0 0 0
0 0 0 0
37 20161 46 26454
55 10063 98 102286
6 4169 5 333
2 831 3 180
0 0 0 0
0 0 0 0
84 9952 403 506148
0 0 0 0
0 0 0 0
0 0 0 0
0 0 0 0
0 0 0 0
1 52 0 0
37 9777 257 313828
1 58 2 109
0 0 0 0
0 0 0 0
38 7193 288 354401
0 0 0 0
0 0 0 0
0 0 0 0
0 0 0 0
0 0 0 0
41 8097 309 379497
0 0 0 0
0 0 0 0
0 0 0 0
0 0 0 0
40 7312 326 405799
0 0 0 0
0 0 0 0
0 0 0 0
0 0 0 0
0 0 0 0
44 7556 371 461725
0 0 0 0
0 0 0 0
0 0 0 0
0 0 0 0
37 7132 287 355132
0 0 0 0
0 0 0 0
0 0 0 0
0 0 0 0
42 7438 352 438865
0 0 0 0
0 0 0 0
0 0 0 0
0 0 0 0
0 0 0 0
43 8715 314 387438
0 0 0 0
5 2240 6 1587
0 0 0 0
0 0 0 0
49 7872 407 509906
1 65 5 423
0 0 0 0
1 52 1 52
0 0 0 0
43 7501 354 441923
0 0 0 0
0 0 0 0
0 0 0 0
0 0 0 0
42 7446 335 418450
0 0 0 0
0 0 0 0
0 0 0 0
0 0 0 0
0 0 0 0
35 7018 284 352307
0 0 0 0
0 0 0 0
0 0 0 0
42 10356 59 46543
17 9020 17 9340
132 10501 903 1146684
0 0 0 0
0 0 0 0
0 0 0 0
35 4622 305 381342
4 2770 4 370
0 0 0 0
0 0 0 0
0 0 0 0
0 0 0 0
34 7118 279 351765
2 1339 5 425
0 0 0 0
0 0 0 0
0 0 0 0
49 15127 310 375638
0 0 1 54
0 0 0 0
0 0 0 0
0 0 0 0
38 4840 343 434534
4 2766 4 370
0 0 0 0
0 0 0 0
0 0 0 0
0 0 0 0
39 7421 325 407637
0 0 1 54
0 0 0 0
0 0 0 0
1 52 1 52
33 7053 252 319765
1 65 5 424
0 0 0 0
17 6076 104 124376
0 0 0 0
0 0 0 0
0 0 0 0
0 0 0 0
30 6878 231 286210
0 0 1 54
0 0 0 0
0 0 0 0
0 0 0 0
15 5961 85 99564
0 0 0 0
0 0 0 0
0 0 0 0
0 0 0 0
0 0 0 0
30 6881 230 285345
0 0 0 0
0 0 0 0
0 0 0 0
0 0 0 0
29 12563 115 126524
0 0 0 0
0 0 0 0
0 0 0 0
0 0 0 0
29 6825 224 276348
0 0 0 0
0 0 0 0
0 0 0 0
0 0 0 0
8 3011 51 62585
3 2707 0 0
1 65 4 445
0 0 0 0
0 0 0 0
0 0 0 0
26 6636 194 240143
0 0 0 0
0 0 0 0
0 0 0 0
9 3063 51 60899
0 0 0 0
4 2771 4 446
0 0 0 0
0 0 0 0
0 0 0 0
0 0 0 0
22 3865 187 234775
0 0 0 0
3 2706 0 0
1 66 4 453
0 0 0 0
0 0 0 0
28 6758 194 237112
0 0 0 0
0 0 0 0
0 0 0 0
0 0 0 0
12 5783 55 61298
0 0 0 0
9 5081 11 4525
0 0 0 0
0 0 0 0
