78 15626 97 66272
8 3873 13 3295
1 83 1 120
4 278 6 328
1 869 0 0
4 1069 5 321
0 0 0 0
0 0 0 0
3 893 4 270
0 0 0 0
0 0 0 0
0 0 0 0
10 4833 14 7420
0 0 0 0
0 0 0 0
1 57 1 53
0 0 0 0
0 0 0 0
3 885 4 270
0 0 0 0
2 123 2 212
0 0 0 0
0 0 0 0
0 0 0 0
2 192 3 280
0 0 0 0
0 0 0 0
0 0 0 0
3 879 4 270
2 188 3 280
0 0 0 0
0 0 0 0
0 0 0 0
0 0 0 0
0 0 0 0
1 57 1 53
0 0 0 0
4 407 4 1192
0 0 0 0
0 0 0 0
2 123 2 214
0 0 0 0
0 0 0 0
0 0 0 0
0 0 0 0
3 883 4 270
0 0 0 0
0 0 0 0
0 0 0 0
0 0 0 0
0 0 0 0
0 0 0 0
0 0 0 0
0 0 0 0
0 0 0 0
1 57 1 53
0 0 0 0
0 0 0 0
0 0 0 0
0 0 0 0
0 0 0 0
12 4260 17 4982
0 0 0 0
0 0 0 0
0 0 0 0
0 0 0 0
0 0 0 0
0 0 0 0
0 0 0 0
0 0 0 0
0 0 0 0
0 0 0 0
0 0 0 0
0 0 0 0
0 0 0 0
0 0 0 0
1 57 1 53
0 0 0 0
0 0 0 0
0 0 0 0
0 0 0 0
1 62 2 212
0 0 0 0
0 0 0 0
0 0 0 0
9 4966 11 4525
0 0 0 0
0 0 0 0
0 0 0 0
0 0 0 0
0 0 0 0
0 0 0 0
11 8410 11 5614
3 186 4 1656
0 0 0 0
9 3695 11 4831
1 57 1 53
0 0 0 0
16 8933 20 9069
0 0 0 0
0 0 0 0
1 61 1 107
0 0 0 0
0 0 0 0
0 0 0 0
0 0 0 0
0 0 0 0
0 0 0 0
0 0 0 0
0 0 0 0
0 0 0 0
0 0 0 0
0 0 0 0
0 0 0 0
0 0 0 0
0 0 0 0
1 57 1 53
0 0 0 0
0 0 0 0
0 0 0 0
0 0 0 0
0 0 0 0
15 4605 18 5087
0 0 0 0
0 0 0 0
11 6416 13 6164
0 0 0 0
0 0 0 0
0 0 0 0
0 0 0 0
0 0 0 0
0 0 0 0
0 0 0 0
10 4792 13 6151
0 0 0 0
0 0 0 0
0 0 0 0
1 57 1 54
2 189 2 186
0 0 0 0
0 0 0 0
0 0 0 0
0 0 0 0
13 1796 13 860
0 0 1 52
2 193 3 282
0 0 0 0
0 0 0 0
0 0 0 0
0 0 0 0
2 189 3 280
0 0 0 0
0 0 0 0
0 0 0 0
0 0 0 0
0 0 0 0
0 0 0 0
18 11198 18 6231
1 57 2 105
0 0 0 0
0 0 0 0
0 0 0 0
0 0 0 0
1 61 1 107
0 0 0 0
4 1560 5 359
0 0 0 0
0 0 0 0
0 0 0 0
0 0 0 0
0 0 0 0
0 0 0 0
0 0 0 0
0 0 0 0
0 0 0 0
0 0 0 0
0 0 0 0
0 0 0 0
1 57 1 53
0 0 0 0
0 0 0 0
0 0 0 0
0 0 0 0
17 7085 20 7878
0 0 0 0
0 0 0 0
0 0 0 0
0 0 0 0
0 0 0 0
0 0 0 0
0 0 0 0
0 0 0 0
0 0 0 0
0 0 0 0
0 0 0 0
0 0 0 0
0 0 0 0
0 0 0 0
10 3825 9 5105
26 11133 23 14715
32 6475 47 48401
18 1665 28 25410
13 8181 14 8354
25 7188 31 12899
45 5997 56 17781
36 9225 55 55548
58 8873 119 124092
21 6458 18 15011
113 30130 279 306593
21 7003 65 62454
59 23342 166 170102
3 598 5 940
2 173 2 154
19 1736 21 16757
0 0 0 0
0 0 0 0
8 3669 13 6176
49 14039 49 11612
24 3138 30 3896
54 8746 57 61054
29 2702 155 174554
22 18024 27 24522
13 942 100 120001
25 7038 53 42123
9 1998 25 20310
6 4255 4 286
0 0 0 0
0 0 0 0
0 0 0 0
71 9863 193 236401
96 5958 844 1077598
5 1190 23 21309
33 4440 286 364378
59 3616 567 723067
0 0 0 0
0 0 0 0
0 0 0 0
0 0 0 0
0 0 0 0
53 5723 312 392604
62 3949 571 725003
3 1607 5 314
0 0 0 0
209 15784 948 1201821
0 0 0 0
16 7029 20 7892
0 0 0 0
0 0 0 0
0 0 0 0
65 6471 536 679599
27 1693 230 291483
20 1948 152 189195
0 0 0 0
0 0 0 0
121 14216 911 1148875
0 0 0 0
0 0 0 0
0 0 0 0
0 0 0 0
92 8066 822 1047205
12 745 64 76319
0 0 0 0
0 0 0 0
47 25802 50 29335
98 10856 875 1111542
0 0 1 54
4 313 5 436
0 0 0 0
0 0 0 0
136 10891 891 1135261
0 0 0 0
3 249 4 325
0 0 0 0
0 0 0 0
0 0 0 0
19 3584 155 196270
79 4910 694 882999
3 902 4 260
0 0 0 0
151 11858 959 1220126
0 0 0 0
84 7664 384 482745
1 61 4 3754
0 0 0 0
6 2791 41 51267
48 2939 454 578287
2 123 2 214
0 0 0 0
0 0 0 0
0 0 0 0
121 9922 856 1090171
0 0 0 0
0 0 0 0
0 0 0 0
0 0 0 0
0 0 0 0
0 0 0 0
0 0 0 0
0 0 0 0
0 0 0 0
144 11551 663 843909
65 3982 602 763750
54 3321 473 600965
0 0 0 0
0 0 0 0
0 0 0 0
0 0 0 0
12 4049 17 4982
0 0 0 0
0 0 0 0
0 0 0 0
0 0 0 0
0 0 0 0
0 0 0 0
0 0 0 0
0 0 0 0
0 0 0 0
9 5070 12 4585
0 0 0 0
0 0 0 0
0 0 0 0
239 17969 812 1026716
1 57 1 53
0 0 0 0
0 0 0 0
0 0 0 0
0 0 0 0
1 61 1 106
0 0 0 0
0 0 0 0
0 0 0 0
0 0 0 0
0 0 0 0
0 0 0 0
0 0 0 0
0 0 0 0
0 0 0 0
15 6695 18 8652
0 0 0 0
0 0 0 0
0 0 0 0
98 8574 796 1014090
0 0 0 0
0 0 0 0
0 0 0 0
0 0 0 0
0 0 0 0
0 0 0 0
1 61 1 107
0 0 0 0
39 22915 29 10403
25 5251 22 12812
469 676989 272 16738
1016 1456326 701 43079
835 1212420 522 28440
978 1420056 585 31700
928 1347456 537 29484
380 543508 209 16597
200 290400 145 7756
97 140844 66 3836
266 386232 211 12096
181 228931 327 262894
466 637699 519 309499
560 811725 324 18581
762 1106424 484 26976
475 689620 321 17504
0 0 0 0
1 52 1 813
28 16168 34 13948
3 186 4 2004
0 0 0 0
0 0 0 0
0 0 0 0
0 0 0 0
0 0 0 0
0 0 0 0
0 0 0 0
0 0 0 0
0 0 0 0
0 0 0 0
0 0 0 0
0 0 0 0
4 2732 3 261
1 57 1 53
0 0 0 0
24 1499 192 243312
159 10054 1507 1922359
8 3451 11 4796
0 0 0 0
1 61 1 107
0 0 0 0
0 0 0 0
3 253 4 326
0 0 0 0
0 0 0 0
0 0 0 0
0 0 0 0
9 5050 12 4587
0 0 0 0
0 0 0 0
0 0 0 0
0 0 0 0
62 6435 559 712450
5 315 39 48785
1 57 1 53
146 9323 1102 1405104
0 0 0 0
0 0 0 0
0 0 0 0
1 61 1 107
0 0 0 0
0 0 0 0
0 0 0 0
0 0 0 0
2 150 2 150
0 0 0 0
0 0 0 0
0 0 0 0
0 0 0 0
0 0 0 0
0 0 0 0
0 0 0 0
0 0 0 0
72 7054 662 844913
39 2451 332 420764
0 0 0 0
0 0 0 0
0 0 0 0
0 0 0 0
0 0 0 0
12 5400 17 4982
0 0 0 0
21 5563 17 5570
24 15739 19 6546
0 0 0 0
0 0 0 0
0 0 0 0
10 6265 13 5875
0 0 0 0
0 0 0 0
0 0 0 0
0 0 0 0
0 0 0 0
11 3200 74 91943
0 0 0 0
226 15134 480 603825
0 0 0 0
0 0 0 0
0 0 0 0
0 0 0 0
1 61 1 106
0 0 0 0
15 8101 18 6950
0 0 0 0
0 0 0 0
0 0 0 0
0 0 0 0
0 0 0 0
9 3729 12 4893
0 0 0 0
0 0 0 0
0 0 0 0
0 0 0 0
0 0 0 0
0 0 0 0
0 0 0 0
0 0 0 0
1 57 1 53
0 0 0 0
0 0 0 0
0 0 0 0
1 61 1 107
0 0 0 0
0 0 0 0
0 0 0 0
0 0 0 0
0 0 0 0
9 4986 11 4524
0 0 0 0
0 0 0 0
0 0 0 0
0 0 0 0
0 0 0 0
0 0 0 0
0 0 0 0
0 0 0 0
1 57 1 53
0 0 0 0
0 0 0 0
0 0 0 0
0 0 0 0
16 5815 18 6562
0 0 0 0
0 0 0 0
0 0 0 0
0 0 0 0
0 0 0 0
0 0 0 0
0 0 0 0
0 0 0 0
0 0 0 0
0 0 0 0
0 0 0 0
0 0 0 0
0 0 0 0
0 0 0 0
1 57 1 53
0 0 0 0
9 4683 11 4802
0 0 0 0
0 0 0 0
0 0 0 0
1 61 1 106
3 252 4 326
0 0 0 0
0 0 0 0
0 0 0 0
10 6303 12 6088
0 0 0 0
0 0 0 0
0 0 0 0
0 0 0 0
0 0 0 0
0 0 0 0
0 0 0 0
0 0 0 0
0 0 0 0
26 13789 34 26095
19 1125 38 47735
0 0 0 0
66 17556 139 148720
33 6880 75 74033
1 61 1 107
0 0 0 0
0 0 0 0
2 2552 0 0
71 4284 316 400896
0 0 0 0
0 0 0 0
0 0 0 0
4 2672 15 16807
27 2361 236 295948
0 0 0 0
0 0 0 0
0 0 0 0
3 2612 1 152
31 1899 269 341787
1 57 1 53
0 0 0 0
0 0 0 0
0 0 0 0
4 1667 5 367
0 0 0 0
15 5533 18 6540
3 2614 0 0
120 7557 483 612452
0 0 0 0
0 0 0 0
0 0 0 0
0 0 0 0
9 2362 7 5575
105 19081 141 130991
88 19650 335 378022
115 32767 126 89616
303 38800 511 692698
41 9235 234 261285
2 840 3 211
3 1073 6 851
1 57 1 53
17 3464 139 175190
16 832 9 468
0 0 0 0
0 0 0 0
13 6194 15 7533
0 0 0 0
2 2550 0 0
62 6256 469 588905
15 9398 18 7142
0 0 0 0
2 395 3 323
0 0 0 0
0 0 0 0
0 0 0 0
0 0 0 0
32 11304 88 83790
53 4008 411 511701
0 0 0 0
0 0 0 0
0 0 0 0
0 0 0 0
0 0 0 0
1 52 1 52
2 2550 0 0
31 1898 282 351452
0 0 0 0
0 0 0 0
0 0 0 0
0 0 0 0
102 11360 289 357717
0 0 0 0
1 57 1 54
0 0 0 0
0 0 0 0
0 0 0 0
2 123 2 214
0 0 0 0
147 18686 641 796132
1 52 1 52
0 0 0 0
0 0 0 0
0 0 0 0
0 0 0 0
0 0 0 0
36 4646 265 335234
0 0 0 0
0 0 0 0
67 6613 293 369732
0 0 0 0
0 0 0 0
1 57 1 54
0 0 0 0
0 0 0 0
0 0 0 0
33 4447 266 335585
0 0 0 0
1 61 1 107
0 0 0 0
0 0 0 0
0 0 0 0
9 4688 12 4865
89 8026 400 503233
0 0 0 0
14 3285 82 102364
4 2678 5 495
2 192 3 280
3 2613 0 0
22 1347 211 265807
5 2741 5 501
0 0 0 0
0 0 0 0
1 57 1 54
35 4634 93 112516
5 2740 5 503
0 0 0 0
4 3419 0 0
69 21712 98 72057
9 1631 17 14094
0 0 0 0
25 3959 213 268291
9 7686 7 611
61 5056 116 134765
63 20979 178 195202
3 186 16 14318
0 0 0 0
0 0 0 0
0 0 0 0
0 0 0 0
0 0 0 0
32 12913 40 34571
7 1629 12 3499
41 14412 150 170412
15 1968 31 33461
22 1376 128 158994
0 0 0 0
51 13293 86 84799
32 23113 63 66775
9 1151 36 39239
0 0 0 0
40 7644 100 106170
4 2192 4 624
3 3308 0 0
11 813 13 7997
0 0 0 0
0 0 0 0
25 4778 46 49534
3 1158 4 488
1 482 1 58
10 1098 16 3872
15 1421 85 100262
0 0 0 0
1 57 1 54
0 0 0 0
0 0 0 0
2 199 2 156
0 0 0 0
0 0 0 0
1 62 2 214
43 14880 50 18848
19 2245 25 3772
7 1083 7 1332
26 8259 27 3938
146 21117 360 426112
8 5797 13 12831
32 7122 51 58161
78 17307 149 153232
18 2192 83 95046
8 1118 30 33798
0 0 0 0
0 0 0 0
23 12103 70 83885
29 10261 61 47593
24 10133 33 12711
2 288 3 2045
10 5464 9 4856
4 247 28 32894
0 0 0 0
25 9339 26 14097
12 2127 24 18876
2 201 3 215
0 0 0 0
10 802 10 10335
0 0 0 0
0 0 0 0
0 0 0 0
0 0 0 0
0 0 0 0
0 0 0 0
3 902 4 269
0 0 0 0
0 0 0 0
0 0 0 0
1 57 1 54
0 0 0 0
0 0 0 0
0 0 0 0
0 0 0 0
2 123 2 214
3 902 4 269
0 0 0 0
0 0 0 0
0 0 0 0
0 0 0 0
0 0 0 0
0 0 0 0
0 0 0 0
0 0 0 0
0 0 0 0
0 0 0 0
0 0 0 0
0 0 0 0
0 0 0 0
7 369 0 0
2 104 1 54
2 104 0 0
1 52 0 0
