39 4122 34 13685
12 2799 10 6193
6 363 6 1645
0 0 0 0
0 0 0 0
0 0 0 0
0 0 0 0
0 0 0 0
0 0 0 0
0 0 0 0
0 0 0 0
0 0 0 0
0 0 0 0
0 0 0 0
0 0 0 0
0 0 0 0
0 0 0 0
0 0 0 0
0 0 0 0
0 0 0 0
0 0 0 0
0 0 0 0
0 0 0 0
0 0 0 0
0 0 0 0
0 0 0 0
0 0 0 0
0 0 0 0
132 24798 189 195009
122 55413 105 70517
190 59745 271 167639
89 23139 311 316982
111 38713 125 76680
31 7077 32 8484
104 22565 150 74364
97 25136 120 84148
7 1807 9 1505
0 0 0 0
0 0 0 0
0 0 0 0
0 0 0 0
80 13142 131 146860
682 52098 1428 2017207
77 14075 427 496498
153 41978 223 198602
156 23302 750 871242
33 8781 82 71116
58 15409 223 232199
196 29646 233 216370
54 13863 75 42776
25 3209 32 4889
34 9763 38 5533
129 15896 268 319946
14 1771 11 4718
17 10393 16 7106
3 255 4 334
0 0 0 0
6 1124 8 951
1 61 1 65
4 300 4 300
4 384 5 438
1 57 1 52
0 0 0 0
0 0 0 0
0 0 0 0
0 0 0 0
2 121 2 210
0 0 0 0
0 0 0 0
0 0 0 0
0 0 0 0
24 1333 4 320
21 1092 21 1092
1 57 1 54
0 0 0 0
0 0 0 0
0 0 0 0
0 0 0 0
22 11703 28 14842
0 0 0 0
10 1030 11 1966
1 57 1 52
7 845 9 1246
8 1106 8 1005
0 0 0 0
1 61 1 64
11 4888 12 6137
0 0 1 55
0 0 0 0
0 0 0 0
0 0 0 0
2 193 2 232
0 0 1 52
49 54235 23 6203
15 2537 23 6285
104 14613 111 55869
3 194 4 1893
0 0 0 0
0 0 0 0
0 0 0 0
7 843 9 1166
2 114 2 105
2 189 3 280
0 0 0 0
0 0 0 0
45 8661 37 23982
3 195 5 2552
46 18790 47 31070
46 5031 79 86432
0 0 0 0
0 0 0 0
1 61 1 64
0 0 0 0
0 0 0 0
0 0 0 0
0 0 0 0
0 0 0 0
4 300 2 196
0 0 0 0
0 0 0 0
0 0 0 0
0 0 0 0
1 57 1 55
2 189 3 280
0 0 0 0
0 0 0 0
1 57 1 54
1 60 1 104
8 971 9 853
2 127 4 1150
209 35936 398 471466
70 9040 226 273089
0 0 0 0
0 0 0 0
0 0 0 0
0 0 0 0
0 0 0 0
28 13628 24 16481
1 61 2 117
3 241 4 332
0 0 0 0
0 0 0 0
1 57 1 52
0 0 0 0
0 0 0 0
0 0 0 0
0 0 0 0
1 60 1 105
0 0 0 0
0 0 0 0
0 0 0 0
0 0 0 0
1 52 1 52
1 57 1 54
0 0 0 0
0 0 0 0
1 52 1 52
0 0 0 0
13 6451 15 6675
0 0 0 0
0 0 0 0
0 0 0 0
1 57 0 0
0 0 1 52
0 0 0 0
0 0 0 0
0 0 0 0
52 11973 60 16003
27 8098 34 10165
13 1872 16 2690
24 2892 24 2872
7 876 8 1169
31 4018 38 5783
28 3604 34 4669
22 7845 21 2887
78 16316 128 139184
8 704 14 6398
39 7920 59 62484
23 2023 71 80929
22 6609 58 65861
17 6494 25 15327
5 4997 4 225
17 10009 16 8562
3 247 4 332
10 1252 10 1118
2 177 2 155
1 61 2 126
0 0 0 0
0 0 0 0
1 60 1 105
14 1945 14 1692
20 7198 38 27799
203 23081 401 509830
38 14950 85 83605
72 29471 160 147677
68 23765 125 111135
0 0 0 0
1 52 1 52
17 1412 54 63025
8 791 58 70669
22 8226 58 53632
79 20517 256 291852
126 23600 306 339813
37 9762 164 188120
3 260 5 286
0 0 0 0
2 202 2 159
0 0 0 0
0 0 0 0
1 60 1 106
146 12212 610 773454
0 0 0 0
3 888 4 265
0 0 0 0
75 10318 487 609602
0 0 0 0
0 0 0 0
0 0 0 0
0 0 0 0
177 16924 713 894490
0 0 0 0
1 52 1 52
3 907 4 265
0 0 0 0
3 249 4 334
0 0 0 0
81 7787 694 883176
0 0 0 0
0 0 0 0
133 15410 434 534965
4 478 6 552
0 0 0 0
3 907 4 265
0 0 0 0
0 0 0 0
2 188 3 280
68 9782 576 725639
0 0 0 0
2 104 2 104
1 60 1 63
0 0 0 0
55 6156 471 597025
1 52 1 52
0 0 0 0
1 57 1 52
0 0 0 0
0 0 0 0
0 0 0 0
0 0 0 0
76 10269 649 821677
1 60 1 105
0 0 0 0
84 7953 774 988042
23 1410 209 267042
2 114 2 105
0 0 0 0
0 0 0 0
0 0 0 0
127 10658 898 1139872
0 0 0 0
0 0 0 0
0 0 0 0
0 0 0 0
0 0 1 63
2 121 1 63
216 16695 1045 1327063
1 52 1 52
0 0 0 0
0 0 0 0
9 6160 12 4590
55 6177 491 622898
80 7920 632 798811
0 0 0 0
0 0 0 0
0 0 0 0
0 0 0 0
75 7408 677 861403
0 0 0 0
6 997 6 1533
0 0 0 0
0 0 0 0
70 7102 598 761610
10 3575 15 5025
7 3221 7 593
0 0 0 0
8 3634 11 5062
0 0 0 0
16 5789 18 6616
1 63 3 1246
0 0 0 0
0 0 0 0
3 420 3 218
4 697 6 451
1 57 1 52
0 0 0 0
0 0 0 0
0 0 0 0
0 0 0 0
2 188 3 280
0 0 0 0
0 0 0 0
0 0 0 0
0 0 0 0
0 0 0 0
1 61 2 128
0 0 0 0
2 114 2 105
0 0 0 0
0 0 0 0
9 5057 12 4586
0 0 0 0
1 52 1 52
2 121 2 210
0 0 0 0
0 0 0 0
0 0 0 0
0 0 0 0
0 0 0 0
0 0 0 0
2 114 2 105
0 0 0 0
0 0 0 0
0 0 0 0
0 0 0 0
0 0 0 0
0 0 0 0
0 0 0 0
1 57 1 52
2 104 2 104
2 121 2 126
0 0 0 0
13 8414 16 7220
1 52 1 52
6 2699 5 1384
0 0 0 0
0 0 0 0
0 0 0 0
0 0 0 0
0 0 0 0
0 0 0 0
0 0 0 0
0 0 0 0
0 0 0 0
0 0 0 0
1 57 1 52
0 0 0 0
2 104 2 177
0 0 0 0
1 57 1 52
10 6309 14 5932
0 0 0 0
0 0 0 0
0 0 0 0
0 0 0 0
19 7178 20 6698
0 0 0 0
1 52 1 52
261 26178 1906 2419198
364 27921 3415 4350364
172 13391 1578 2009537
0 0 0 0
0 0 0 0
2 192 3 284
137 11420 1154 1470884
0 0 0 0
0 0 0 0
0 0 0 0
0 0 0 0
0 0 0 0
1 57 1 52
107 9447 996 1266208
0 0 0 0
1 57 1 52
4 292 5 384
1 61 1 105
0 0 0 0
164 13177 824 1047697
0 0 0 0
0 0 0 0
0 0 0 0
0 0 0 0
253 19191 832 1050022
12 758 97 121066
0 0 0 0
0 0 0 0
0 0 0 0
0 0 0 0
107 9503 593 752446
0 0 0 0
10 5053 12 4581
0 0 0 0
0 0 0 0
0 0 0 0
75 7584 126 157353
1 61 1 106
5 3117 4 439
1 57 1 52
0 0 0 0
0 0 0 0
0 0 0 0
89 8509 172 212604
4 3057 5 485
0 0 0 0
0 0 0 0
0 0 0 0
0 0 0 0
0 0 0 0
47 5764 180 225057
1 61 2 126
5 3113 5 492
0 0 0 0
0 0 0 0
15 4355 41 41755
5 3121 6 547
8 4750 9 4218
7 964 9 2318
47 8516 319 398655
0 0 0 0
2 104 2 104
0 0 0 0
0 0 0 0
0 0 0 0
55 6296 142 177713
5 3121 5 495
0 0 0 0
0 0 0 0
0 0 0 0
2 114 2 105
69 7174 220 274429
17 10768 19 6718
0 0 0 0
0 0 0 0
4 208 4 354
0 0 0 0
56 6416 97 118656
1 62 2 210
0 0 0 0
0 0 0 0
0 0 0 0
0 0 0 0
1 60 1 74
0 0 0 0
0 0 0 0
0 0 0 0
0 0 0 0
0 0 0 0
0 0 0 0
9 3519 11 4801
0 0 0 0
0 0 0 0
1 57 1 53
0 0 0 0
2 192 3 282
0 0 0 0
0 0 0 0
2 118 2 158
0 0 0 0
0 0 0 0
0 0 0 0
0 0 0 0
0 0 0 0
0 0 0 0
0 0 0 0
2 188 3 280
0 0 0 0
1 61 1 63
0 0 0 0
0 0 0 0
0 0 0 0
9 4994 11 4519
1 57 1 53
0 0 0 0
0 0 0 0
0 0 0 0
0 0 0 0
0 0 0 0
17 7971 20 7874
0 0 0 0
0 0 0 0
0 0 0 0
2 114 2 105
0 0 0 0
0 0 0 0
0 0 0 0
0 0 0 0
0 0 0 0
0 0 0 0
0 0 0 0
0 0 0 0
0 0 0 0
0 0 0 0
1 57 1 53
0 0 0 0
0 0 0 0
2 123 2 126
0 0 0 0
1 61 1 105
0 0 0 0
0 0 0 0
0 0 0 0
0 0 0 0
0 0 0 0
0 0 0 0
0 0 0 0
0 0 0 0
0 0 0 0
0 0 0 0
0 0 0 0
0 0 0 0
75 23827 119 110980
49 7894 72 64954
24 4945 34 27833
0 0 1 53
25 8978 32 27395
24 2329 35 33288
23 2378 36 30001
13 1795 28 25997
10 5743 12 7905
32 2965 44 40386
7 821 21 19065
20 9711 27 19836
11 992 25 24703
6 4555 1 63
37 4711 50 12356
13 1729 15 2472
31 9023 31 5049
19 6481 75 82802
119 13947 378 458233
1 64 2 586
0 0 0 0
35 9244 46 38734
45 28526 90 73055
21 2873 112 126182
10 4993 13 8105
0 0 0 0
0 0 0 0
0 0 0 0
12 3971 15 4802
5 1046 7 491
3 311 4 1170
0 0 0 0
0 0 0 0
0 0 0 0
0 0 0 0
0 0 0 0
0 0 0 0
0 0 0 0
4 872 6 1343
3 905 4 268
0 0 0 0
0 0 0 0
0 0 0 0
0 0 0 0
0 0 0 0
1 57 1 53
9 3549 11 4802
0 0 0 0
0 0 0 0
4 967 5 373
0 0 0 0
2 192 3 280
0 0 0 0
2 114 2 107
0 0 0 0
0 0 0 0
0 0 0 0
0 0 0 0
0 0 0 0
0 0 0 0
0 0 0 0
0 0 0 0
2 189 3 280
0 0 0 0
1 57 1 53
1 61 1 64
0 0 0 0
3 906 4 268
0 0 0 0
1 61 1 106
0 0 0 0
0 0 0 0
0 0 0 0
0 0 0 0
19 9561 27 12695
53 19893 68 58148
0 0 0 0
0 0 0 0
0 0 0 0
0 0 0 0
44 10225 63 43643
0 0 0 0
0 0 0 0
0 0 0 0
1 57 1 53
0 0 0 0
0 0 0 0
0 0 0 0
0 0 0 0
15 5641 17 5035
0 0 1 53
1 61 1 63
0 0 0 0
0 0 0 0
0 0 0 0
0 0 0 0
0 0 0 0
0 0 0 0
0 0 0 0
0 0 0 0
0 0 0 0
0 0 0 0
0 0 0 0
0 0 0 0
1 57 1 53
0 0 0 0
1 57 1 53
10 6289 13 5868
0 0 0 0
0 0 0 0
2 123 2 210
0 0 0 0
0 0 0 0
0 0 0 0
0 0 0 0
1 61 1 63
0 0 0 0
0 0 0 0
0 0 0 0
0 0 0 0
4 920 5 1520
0 0 1 53
0 0 0 0
11 7072 14 5816
0 0 0 0
6 2693 5 1307
15 7509 18 7739
0 0 0 0
0 0 0 0
0 0 0 0
1 61 1 106
0 0 0 0
0 0 0 0
0 0 0 0
0 0 0 0
1 57 1 53
0 0 0 0
0 0 0 0
0 0 0 0
0 0 0 0
0 0 0 0
1 61 1 63
0 0 0 0
0 0 0 0
0 0 0 0
1 57 1 53
0 0 0 0
9 5024 12 4589
0 0 0 0
0 0 0 0
11 5469 15 4803
1 65 2 166
0 0 0 0
0 0 0 0
0 0 0 0
0 0 0 0
1 57 1 53
29 7951 46 41241
20 14686 19 11445
0 0 0 0
0 0 0 0
4 1036 6 1483
0 0 0 0
0 0 0 0
0 0 0 0
1 57 1 53
0 0 0 0
9 4734 12 6076
0 0 0 0
0 0 0 0
0 0 0 0
2 123 2 210
3 253 4 326
0 0 0 0
0 0 0 0
0 0 0 0
1 57 1 53
0 0 0 0
0 0 0 0
0 0 0 0
0 0 0 0
0 0 0 0
0 0 0 0
2 188 3 280
0 0 0 0
0 0 0 0
1 57 1 53
10 5070 12 4588
0 0 0 0
0 0 0 0
0 0 0 0
1 61 1 106
0 0 0 0
0 0 0 0
0 0 0 0
0 0 0 0
0 0 0 0
0 0 0 0
0 0 0 0
0 0 0 0
0 0 0 0
0 0 0 0
1 57 1 53
0 0 0 0
0 0 0 0
0 0 0 0
1 57 1 53
0 0 0 0
0 0 0 0
0 0 0 0
0 0 0 0
16 7006 20 7876
0 0 0 0
0 0 0 0
0 0 0 0
22 3538 27 29450
2 123 2 126
0 0 0 0
0 0 0 0
0 0 0 0
0 0 0 0
0 0 0 0
0 0 0 0
0 0 0 0
0 0 0 0
42 23076 55 42787
17 2822 19 11481
9 5043 11 4529
0 0 0 0
0 0 0 0
0 0 0 0
1 57 1 53
1 61 1 105
0 0 0 0
0 0 0 0
0 0 0 0
0 0 0 0
0 0 0 0
0 0 0 0
0 0 0 0
1 61 1 63
0 0 0 0
0 0 0 0
0 0 0 0
0 0 0 0
0 0 0 0
0 0 0 0
1 57 1 53
0 0 0 0
0 0 0 0
0 0 0 0
0 0 0 0
1 61 1 106
0 0 0 0
0 0 0 0
1 57 1 53
0 0 0 0
0 0 0 0
0 0 0 0
0 0 0 0
0 0 0 0
5 3468 3 1398
7 466 14 13044
0 0 0 0
0 0 0 0
0 0 0 0
0 0 0 0
10 5055 12 4582
1 61 1 63
0 0 0 0
0 0 0 0
0 0 0 0
0 0 0 0
15 5441 18 5084
0 0 0 0
0 0 0 0
0 0 0 0
0 0 0 0
0 0 0 0
0 0 0 0
0 0 0 0
0 0 0 0
0 0 0 0
1 57 1 53
0 0 0 0
0 0 0 0
0 0 0 0
0 0 0 0
10 3571 12 4851
0 0 0 0
0 0 0 0
0 0 0 0
0 0 0 0
3 254 4 385
0 0 0 0
0 0 0 0
1 61 1 63
0 0 0 0
0 0 0 0
0 0 0 0
4 386 4 1172
0 0 0 0
0 0 0 0
0 0 0 0
2 188 3 280
5 946 6 1500
1 52 1 52
9 4996 11 4532
0 0 0 0
0 0 0 0
0 0 0 0
0 0 0 0
0 0 0 0
1 61 1 106
0 0 0 0
0 0 0 0
0 0 0 0
0 0 0 0
0 0 0 0
0 0 0 0
1 57 1 53
0 0 0 0
0 0 0 0
0 0 0 0
0 0 0 0
0 0 0 0
0 0 0 0
0 0 0 0
1 57 0 0
0 0 1 53
0 0 0 0
0 0 0 0
0 0 0 0
0 0 0 0
12 5457 17 6153
2 126 3 230
0 0 0 0
0 0 0 0
0 0 0 0
0 0 0 0
0 0 0 0
0 0 0 0
0 0 0 0
0 0 0 0
0 0 0 0
0 0 0 0
0 0 0 0
9 4996 11 4521
0 0 0 0
1 57 1 53
1 57 1 53
1 52 1 52
136 26983 204 219575
6 4265 8 497
0 0 0 0
1 61 1 105
9 6346 6 6444
122 10557 483 603787
0 0 0 0
0 0 0 0
0 0 0 0
3 897 4 271
37 4991 335 424096
0 0 0 0
0 0 0 0
0 0 0 0
0 0 0 0
0 0 0 0
50 5790 449 568427
0 0 0 0
1 57 1 53
2 841 3 208
0 0 0 0
0 0 0 0
16 3714 122 153152
23 1408 222 281599
2 118 2 159
0 0 0 0
0 0 0 0
104 9389 252 317917
0 0 0 0
3 905 4 253
30 4569 252 317431
0 0 0 0
0 0 0 0
28 4447 218 274450
0 0 0 0
0 0 0 0
0 0 0 0
2 846 3 208
0 0 0 0
1 57 1 53
0 0 0 0
54 6040 476 601162
0 0 0 0
0 0 0 0
1 52 1 52
40 9778 228 272504
11 674 97 121920
0 0 0 0
1 57 1 53
0 0 0 0
29 4507 251 318197
0 0 0 0
0 0 0 0
0 0 0 0
14 3585 110 138224
32 1968 278 351575
0 0 0 0
10 5969 12 6079
1 61 1 63
0 0 0 0
15 3643 98 121664
25 1528 235 297240
3 321 4 338
0 0 0 0
20 3953 160 199575
1 61 1 106
0 0 0 0
0 0 0 0
0 0 0 0
0 0 0 0
0 0 0 0
6 3101 22 25761
72 10838 478 595251
4 306 5 379
5 2637 4 1367
0 0 0 0
77 8752 431 545511
9 5022 11 4525
0 0 0 0
0 0 0 0
1 57 1 53
0 0 0 0
0 0 0 0
0 0 0 0
69 6992 537 680735
1 61 1 107
0 0 0 0
0 0 0 0
0 0 0 0
10 3336 63 76933
36 2289 98 120443
0 0 0 0
0 0 0 0
15 3652 102 127763
0 0 0 0
0 0 0 0
5 953 6 1550
0 0 0 0
0 0 0 0
0 0 0 0
1 57 1 53
0 0 0 0
0 0 0 0
2 104 2 177
0 0 0 0
0 0 0 0
17 8218 20 7887
0 0 0 0
0 0 0 0
0 0 0 0
0 0 0 0
1 57 1 53
0 0 0 0
0 0 0 0
0 0 0 0
0 0 0 0
0 0 0 0
9 5019 11 4531
0 0 0 0
0 0 0 0
0 0 0 0
1 57 1 53
0 0 0 0
0 0 0 0
0 0 0 0
1 61 1 64
1 61 1 106
0 0 0 0
0 0 0 0
0 0 0 0
0 0 0 0
0 0 0 0
0 0 0 0
0 0 0 0
0 0 0 0
0 0 0 0
0 0 0 0
0 0 0 0
0 0 0 0
0 0 0 0
1 57 1 53
1 57 1 53
0 0 0 0
0 0 0 0
0 0 0 0
0 0 0 0
1 61 1 107
0 0 0 0
0 0 0 0
0 0 0 0
0 0 0 0
0 0 0 0
0 0 0 0
1 61 1 63
0 0 0 0
0 0 0 0
0 0 0 0
9 5060 12 4585
0 0 0 0
0 0 0 0
0 0 0 0
1 57 1 53
0 0 0 0
0 0 0 0
14 4417 18 13608
6 696 11 7803
0 0 0 0
13 4102 18 5083
1 57 1 53
0 0 0 0
0 0 0 0
22 5032 20 12053
495 714739 311 18786
1033 1499916 652 36032
1068 1550736 693 38492
1039 1508628 669 37136
1007 1462164 756 42016
1049 1523148 634 35024
1044 1507721 668 41404
794 1152808 541 29956
0 0 0 0
1 52 1 811
14 8038 15 4874
7 498 9 3635
0 0 0 0
0 0 0 0
22 5032 19 12098
722 1042954 452 27025
1047 1520244 755 42104
1011 1467972 638 35164
1058 1536216 696 38468
1044 1515888 658 35980
1038 1507176 638 35452
1051 1526052 653 35796
557 808684 398 21916
1 52 1 813
0 0 0 0
14 5872 15 5026
10 3831 14 6902
0 0 0 0
4 208 0 0
27 5292 23 12180
1007 1458163 782 46390
1046 1518792 672 37096
1028 1492656 656 36628
1062 1542024 666 36592
1045 1517340 659 36244
1019 1478197 633 35087
1050 1524600 645 35244
314 447671 226 17954
0 0 0 0
17 13015 13 1523
76 7008 173 208802
53 19130 67 38408
0 0 0 0
0 0 0 0
3 681 1 60
203 20507 1319 1660566
0 0 0 0
1 52 1 811
10 1470 11 3534
0 0 0 0
0 0 0 0
2 833 3 211
22 5032 19 12001
479 521883 1274 1277101
941 1366332 621 35252
1063 1543476 672 37332
1054 1529017 676 37379
1052 1527504 683 38008
1332 1416803 1432 1068280
1036 1504272 692 38748
1049 1520358 677 37903
121 42859 916 1105845
1 52 1 813
5 785 7 2533
0 0 0 0
0 0 0 0
0 0 0 0
90 9942 714 904310
135 112061 464 547560
1097 1592844 898 50468
1026 1489752 656 36700
1055 1529113 670 37167
984 1101233 1907 1842356
1055 1531860 664 36480
1064 1544928 680 37804
1052 1524718 679 37730
377 547324 265 15200
2 114 2 918
156 13047 1034 1311014
5 309 6 3262
0 0 0 0
0 0 0 0
147 15214 1078 1363463
223 297948 100 18080
1041 1511532 792 43652
1057 1531308 678 37602
1025 1457725 835 296345
743 957849 1247 1056281
1054 1530408 667 36872
1048 1500667 677 43672
1051 1524657 668 36949
553 643112 1356 1343175
1 52 1 813
0 0 0 0
6 847 6 2308
0 0 0 0
0 0 0 0
229 17315 1170 1487463
41 6018 27 12529
423 610215 296 17681
2 113 2 874
118 10101 1092 1393534
5 3120 9 4832
0 0 0 0
0 0 0 0
0 0 0 0
32 18339 18 13419
1076 1227868 2035 1915881
1059 1537668 669 36824
1036 1504272 654 36668
1046 1518792 665 36680
1051 1526052 676 37412
1031 1495617 637 35989
1054 1530408 688 38068
421 611212 299 17292
150 14856 1311 1657899
6 849 6 2482
1 62 2 159
64 6730 587 747117
0 0 0 0
13 2402 11 7158
53 48664 123 132820
1123 1458585 1294 848396
1045 1517340 661 36348
1032 1498464 628 34796
1063 1535426 693 42412
1276 1449578 1694 1383878
1061 1533580 683 42004
1054 1529017 668 36787
419 407203 1111 1166920
1 52 1 813
0 0 0 0
4 309 5 378
0 0 0 0
129 10970 1178 1500985
4 742 4 492
184 220260 97 23797
1049 1523148 741 40992
1056 1531921 669 37102
1034 1501368 649 36168
1059 1537668 671 36992
1016 1475232 657 36992
1055 1531860 666 36860
1058 1534821 671 37081
51 73972 79 4372
1 52 1 811
0 0 0 0
0 0 0 0
0 0 0 0
0 0 0 0
38 5856 26 12527
629 910697 465 28441
1055 1531860 682 37728
1040 1508685 636 35229
1055 1531860 662 36332
1056 1531025 687 38393
1052 1503303 679 40816
1064 1532884 699 40011
1042 1511593 674 37196
1034 1501368 663 37332
1061 1540572 671 37140
1032 1498464 638 35532
1052 1527504 681 37844
1078 1530344 732 85260
1034 1498588 660 37477
961 1024360 2074 2093060
53 13968 337 408178
412 476606 370 203676
189 254968 196 125695
680 947584 481 73835
1066 1461633 1173 771425
1053 1522145 691 42251
1040 1508685 654 36577
1059 1536273 673 37205
954 1341323 599 61210
1076 1503452 945 400812
1047 1427069 1263 830609
1038 1504417 656 36738
1058 1533438 657 36157
1054 1530408 671 37004
1020 1481040 630 35020
1070 1553640 673 37096
1050 1524600 654 35988
1034 1496457 653 37559
1058 1536216 666 36672
1281 1457854 1124 665757
1032 1498464 636 35060
1057 1534764 674 37292
1035 1502820 627 34576
1047 1520244 653 35828
1058 1536216 677 37408
1039 1508628 640 35944
1056 1531917 683 37889
1032 1498464 637 35268
1058 1536216 642 35032
1038 1494802 646 41006
1065 1542211 645 36866
1055 1530469 669 36918
1035 1491365 621 35039
1066 1538104 677 43339
1050 1524600 665 36560
1034 1501368 624 34400
1057 1534764 669 36784
1051 1526052 651 35548
1047 1506207 658 43341
1072 1533275 687 51660
836 1213872 523 29119
1067 1549284 678 37608
1055 1531860 648 35272
1029 1494108 643 35520
1058 1536216 659 35936
1053 1528956 650 35464
1035 1501425 638 35317
1057 1534764 648 35464
1030 1495560 611 33552
1057 1534764 660 36144
1052 1504009 677 43305
1048 1521696 659 36121
1056 1531921 674 37293
1026 1489752 657 37108
703 1019452 511 28608
0 0 0 0
0 0 0 0
1 52 1 805
0 0 0 0
0 0 0 0
0 0 0 0
0 0 0 0
4 208 2 104
0 0 0 0
0 0 0 0
0 0 0 0
0 0 0 0
1 57 1 53
0 0 0 0
0 0 0 0
4 722 5 2297
1 60 1 52
0 0 0 0
9 3854 11 4561
0 0 0 0
0 0 0 0
0 0 0 0
0 0 0 0
0 0 0 0
4 1490 5 419
0 0 0 0
0 0 0 0
11 3682 13 4953
0 0 0 0
0 0 0 0
0 0 0 0
0 0 0 0
3 252 4 327
1 57 1 53
0 0 0 0
0 0 0 0
0 0 0 0
0 0 0 0
1 61 1 107
0 0 0 0
0 0 0 0
0 0 0 0
0 0 0 0
13 3999 21 19732
0 0 0 0
0 0 0 0
0 0 0 0
0 0 0 0
0 0 0 0
0 0 0 0
0 0 0 0
0 0 0 0
0 0 0 0
1 57 1 53
0 0 0 0
0 0 0 0
0 0 0 0
0 0 0 0
5 3270 4 1504
8 3403 13 3470
0 0 0 0
0 0 0 0
0 0 0 0
0 0 0 0
9 5053 12 4589
0 0 0 0
0 0 0 0
0 0 0 0
0 0 0 0
0 0 0 0
0 0 0 0
0 0 0 0
0 0 0 0
0 0 0 0
1 57 1 53
0 0 0 0
0 0 0 0
0 0 0 0
1 61 1 106
0 0 0 0
0 0 0 0
0 0 0 0
0 0 0 0
0 0 0 0
0 0 0 0
0 0 0 0
0 0 0 0
0 0 0 0
0 0 0 0
0 0 0 0
0 0 0 0
0 0 0 0
0 0 0 0
1 57 1 53
0 0 0 0
0 0 0 0
0 0 0 0
0 0 0 0
68 23246 110 113024
33 9711 51 49368
15 1589 22 18411
0 0 0 0
0 0 0 0
0 0 0 0
0 0 0 0
8 7262 3 167
47 9941 68 61795
35 7476 48 36637
0 0 0 0
12 1723 19 14991
0 0 0 0
126 10747 745 941223
5 305 45 56870
4 2134 4 257
20 11467 71 82904
32 9412 119 116812
35 12808 47 32205
0 0 0 0
2 184 2 154
93 12973 392 481867
8 511 66 82591
0 0 0 0
0 0 0 0
3 906 4 259
70 7089 613 778733
0 0 0 0
0 0 0 0
0 0 0 0
0 0 0 0
0 0 0 0
100 8950 808 1028900
0 0 0 0
0 0 0 0
64 10268 479 596577
1 57 1 53
0 0 0 0
8 4623 12 4860
21 4080 161 203403
46 5624 402 507315
1 62 2 212
0 0 0 0
0 0 0 0
86 10913 636 804115
3 915 4 259
0 0 0 0
103 11915 927 1174077
0 0 0 0
0 0 0 0
3 253 4 327
0 0 0 0
0 0 0 0
218 17529 754 949151
0 0 0 0
2 188 3 280
1 57 1 53
3 2985 0 0
158 10062 644 814787
0 0 0 0
0 0 0 0
0 0 0 0
225 17309 676 851064
0 0 0 0
0 0 0 0
0 0 0 0
71 7172 619 786597
0 0 0 0
0 0 0 0
0 0 0 0
0 0 0 0
111 12443 877 1111437
0 0 0 0
0 0 0 0
0 0 0 0
0 0 0 0
0 0 0 0
111 9688 984 1250315
0 0 0 0
0 0 0 0
0 0 0 0
0 0 0 0
134 15556 738 918940
0 0 0 0
0 0 0 0
0 0 0 0
0 0 0 0
78 7630 663 843740
26 4433 154 188298
0 0 0 0
0 0 0 0
0 0 0 0
0 0 0 0
9 5004 10 4486
0 0 0 0
0 0 0 0
124 10397 1144 1457925
1 57 1 53
0 0 0 0
0 0 0 0
0 0 0 0
108 12235 979 1240842
1 61 1 106
0 0 0 0
0 0 0 0
0 0 0 0
0 0 0 0
0 0 0 0
222 16948 1017 1288867
0 0 0 0
0 0 0 0
0 0 0 0
0 0 0 0
0 0 0 0
107 9363 974 1238448
0 0 0 0
0 0 0 0
1 57 1 53
0 0 0 0
0 0 0 0
131 11435 227 284591
98 9293 1150 1453140
1 62 2 214
30 4643 259 329882
26 1647 242 307874
0 0 0 0
13 6477 14 6283
159 13294 546 686953
4 3057 4 453
0 0 0 0
27 4526 163 203168
4 3058 4 454
0 0 0 0
9 5006 11 4528
0 0 0 0
0 0 0 0
0 0 0 0
7 3243 29 32617
0 0 0 0
0 0 0 0
0 0 0 0
1 57 1 53
3 423 3 220
4 733 6 463
0 0 0 0
0 0 0 0
0 0 0 0
0 0 0 0
0 0 0 0
0 0 0 0
0 0 0 0
0 0 0 0
0 0 0 0
0 0 0 0
0 0 0 0
0 0 0 0
0 0 0 0
0 0 0 0
1 57 1 53
8 4623 11 4799
0 0 0 0
0 0 0 0
0 0 0 0
1 62 2 212
0 0 0 0
0 0 0 0
0 0 0 0
0 0 0 0
0 0 0 0
0 0 0 0
0 0 0 0
3 254 4 326
0 0 0 0
9 5042 12 4590
0 0 0 0
0 0 0 0
2 188 3 280
0 0 0 0
1 57 1 53
0 0 0 0
0 0 0 0
0 0 0 0
0 0 0 0
0 0 1 107
1 61 0 0
0 0 0 0
0 0 0 0
0 0 0 0
0 0 0 0
0 0 0 0
0 0 0 0
0 0 0 0
0 0 0 0
0 0 0 0
0 0 0 0
0 0 0 0
0 0 0 0
0 0 0 0
1 57 0 0
0 0 1 53
0 0 0 0
0 0 0 0
0 0 0 0
0 0 0 0
13 5249 18 5089
0 0 0 0
0 0 0 0
0 0 0 0
0 0 0 0
0 0 0 0
0 0 0 0
0 0 0 0
0 0 0 0
9 5003 11 4521
0 0 0 0
11 3880 16 13541
0 0 0 0
0 0 0 0
0 0 0 0
1 57 1 53
0 0 0 0
0 0 0 0
0 0 0 0
0 0 0 0
0 0 0 0
1 61 1 106
0 0 0 0
0 0 0 0
0 0 0 0
0 0 0 0
0 0 0 0
0 0 0 0
0 0 0 0
0 0 0 0
0 0 0 0
0 0 0 0
0 0 0 0
0 0 0 0
0 0 0 0
0 0 0 0
1 57 1 53
0 0 0 0
9 4948 12 6121
0 0 0 0
0 0 0 0
1 61 1 107
20 12177 21 9695
0 0 0 0
0 0 0 0
0 0 0 0
0 0 0 0
0 0 0 0
0 0 0 0
9 5010 11 4527
0 0 0 0
0 0 0 0
0 0 0 0
0 0 0 0
0 0 0 0
0 0 0 0
1 57 1 53
0 0 0 0
0 0 0 0
56 14373 90 98822
0 0 0 0
0 0 0 0
86 25818 151 138965
19 5740 25 17899
0 0 0 0
101 8847 590 751081
0 0 0 0
0 0 0 0
0 0 0 0
0 0 0 0
145 12502 787 996910
0 0 1 54
0 0 0 0
0 0 0 0
0 0 0 0
0 0 0 0
10 4830 12 6084
155 15122 876 1104251
0 0 0 0
0 0 0 0
103 12553 655 824822
0 0 1 54
1 62 2 212
0 0 0 0
0 0 0 0
0 0 0 0
0 0 0 0
0 0 0 0
2 193 3 284
326 23658 928 1170964
2 855 2 157
0 0 1 54
109 9570 736 934685
2 189 3 280
0 0 0 0
0 0 0 0
0 0 0 0
79 7549 705 893180
0 0 0 0
0 0 0 0
159 12998 373 467655
0 0 0 0
0 0 0 0
1 62 2 214
0 0 0 0
186 14619 803 1020597
0 0 0 0
0 0 0 0
0 0 0 0
0 0 0 0
0 0 0 0
0 0 0 0
185 15140 945 1199620
0 0 1 54
0 0 0 0
0 0 0 0
216 16517 793 1006824
0 0 1 55
1 57 1 53
0 0 0 0
0 0 0 0
0 0 0 0
232 17421 1068 1355203
