11 1363 10 6713
0 0 0 0
0 0 0 0
0 0 0 0
0 0 0 0
0 0 0 0
0 0 0 0
0 0 0 0
0 0 0 0
0 0 0 0
0 0 0 0
0 0 0 0
0 0 0 0
0 0 0 0
0 0 0 0
0 0 0 0
0 0 0 0
0 0 0 0
0 0 0 0
0 0 0 0
0 0 0 0
0 0 0 0
0 0 0 0
0 0 0 0
0 0 0 0
0 0 0 0
0 0 0 0
0 0 0 0
0 0 0 0
0 0 0 0
0 0 0 0
0 0 0 0
0 0 0 0
0 0 0 0
0 0 0 0
0 0 0 0
0 0 0 0
0 0 0 0
0 0 0 0
0 0 0 0
0 0 0 0
0 0 0 0
0 0 0 0
0 0 0 0
0 0 0 0
0 0 0 0
0 0 0 0
0 0 0 0
0 0 0 0
0 0 0 0
0 0 0 0
0 0 0 0
0 0 0 0
0 0 0 0
29 10238 28 16830
511 737966 274 16730
1055 1531860 755 40824
317 459747 230 12440
1 52 1 809
0 0 0 0
0 0 0 0
0 0 0 0
0 0 0 0
0 0 0 0
0 0 0 0
0 0 0 0
0 0 0 0
0 0 0 0
0 0 0 0
0 0 0 0
0 0 0 0
16 7706 15 10793
77 11067 273 333424
138 68614 95 83011
391 102360 446 354032
79 28813 83 39633
203 58877 207 130207
27 3158 39 31695
93 58869 115 112968
48 8833 68 47985
73 23475 95 34090
23 3371 26 5389
44 5843 51 23723
22 2447 31 21563
1 52 1 52
0 0 0 0
4 631 11 9624
24 1579 75 82340
94 22973 99 91454
48 9638 68 51993
59 17677 50 30471
111 30485 132 83686
72 9447 98 101287
613 46742 1321 2028337
44 11570 51 26988
105 22711 405 442606
27 3981 41 24329
20 13760 20 11559
152 34310 204 166926
112 16926 686 833759
9 1197 13 3546
57 29280 70 49267
135 23036 749 878722
30 5841 33 13402
110 12147 159 111635
167 34309 221 142861
29 5408 79 62397
107 18456 136 129710
64 21741 136 111323
85 16116 251 273751
64 18921 120 87775
53 9280 96 88295
18 2561 31 21014
17 1759 17 3706
0 0 0 0
3 876 4 265
0 0 0 0
0 0 0 0
0 0 0 0
1 52 1 52
2 147 2 144
15 2788 17 2192
27 1426 30 2612
0 0 0 0
1 60 0 0
17 2839 17 4884
1 52 1 52
0 0 0 0
13 1709 12 4461
0 0 0 0
0 0 0 0
3 249 4 324
0 0 0 0
11 3265 7 5115
193 20378 269 321837
139 10298 424 524606
81 7142 473 558274
182 62187 518 567683
8 513 9 534
0 0 0 0
1 52 1 52
2 124 2 210
42 9062 42 10429
73 6594 98 52376
25 7080 29 9035
1 66 4 1817
1 62 2 210
3 156 3 156
0 0 0 0
0 0 0 0
40 47458 10 1639
3 199 3 196
33 3650 35 5910
44 3225 72 36843
2 126 2 208
2 104 2 104
0 0 0 0
0 0 0 0
9 1550 10 1424
6 376 13 9071
0 0 0 0
0 0 0 0
3 256 4 389
0 0 0 0
0 0 0 0
0 0 0 0
3 398 2 155
34 2388 36 2118
42 47587 10 1841
0 0 0 0
27 3008 32 5211
60 8258 87 42691
14 3450 22 9251
1 128 0 0
2 126 4 389
2 193 3 284
0 0 0 0
0 0 0 0
0 0 0 0
3 246 4 336
1 52 1 52
4 383 6 497
10 1309 10 664
7 386 7 430
0 0 0 0
1 52 1 52
0 0 0 0
1 61 1 104
2 104 2 104
2 194 3 287
0 0 0 0
0 0 0 0
3 156 3 156
0 0 0 0
0 0 0 0
7 887 8 583
2 104 3 157
0 0 0 0
150 168033 79 18807
166 208800 32 1836
19 12154 11 7572
42 12781 52 26641
20 13165 14 2854
15 1262 22 8566
2 194 3 292
35 13546 35 20953
68 4963 208 252359
23 6624 32 27638
4 248 6 2159
5 786 4 1040
10 1161 15 6551
4 732 5 1748
26 1352 26 1352
2 147 2 144
2 195 3 294
3 180 3 156
3 179 3 264
2 194 3 295
64 3328 32 1664
0 0 0 0
0 0 0 0
0 0 0 0
0 0 0 0
1 64 1 106
0 0 0 0
4 388 5 537
0 0 1 53
0 0 0 0
3 156 0 0
14 4352 20 5131
0 0 0 0
0 0 0 0
0 0 0 0
4 298 5 399
0 0 0 0
0 0 0 0
0 0 0 0
4 217 4 262
9 5050 11 4526
0 0 0 0
0 0 0 0
2 104 2 104
0 0 0 0
9 1090 12 933
2 147 2 144
1 52 1 52
0 0 0 0
0 0 0 0
3 256 4 340
0 0 0 0
1 62 2 210
0 0 0 0
0 0 0 0
5 446 6 522
3 255 4 287
3 256 4 340
3 255 4 340
4 457 3 262
5 567 7 481
2 172 2 149
21 17066 20 6337
0 0 0 0
0 0 0 0
1 61 1 105
0 0 0 0
0 0 0 0
3 255 4 340
0 0 0 0
0 0 0 0
3 255 4 340
1 61 1 106
0 0 0 0
0 0 0 0
0 0 0 0
3 156 3 156
2 147 2 144
0 0 0 0
3 256 4 341
5 967 6 416
0 0 0 0
0 0 0 0
0 0 0 0
3 156 3 156
0 0 0 0
1 61 1 106
3 257 4 345
2 104 2 104
0 0 0 0
0 0 0 0
0 0 0 0
7 4604 7 2900
7 991 13 3473
3 256 4 341
0 0 0 0
1 52 1 52
3 259 4 341
0 0 0 0
0 0 0 0
1 52 1 52
1 61 1 107
3 260 4 341
0 0 0 0
0 0 0 0
0 0 0 0
7 905 9 639
3 260 4 341
5 409 6 485
16 4260 25 20323
0 0 0 0
0 0 0 0
0 0 0 0
1 61 1 106
0 0 0 0
0 0 0 0
0 0 0 0
0 0 0 0
0 0 0 0
0 0 0 0
10 5132 13 4679
9 995 10 638
0 0 0 0
0 0 0 0
0 0 0 0
2 104 2 104
0 0 0 0
1 61 1 106
0 0 0 0
3 156 3 156
3 263 4 341
0 0 0 0
0 0 0 0
6 430 7 552
0 0 0 0
2 104 2 177
8 911 10 1727
26 9257 23 7344
0 0 0 0
2 147 2 144
3 156 3 302
2 113 2 158
3 266 4 341
2 104 2 177
2 104 2 177
0 0 0 0
12 5998 3 180
71 9243 110 108714
0 0 0 0
0 0 0 0
3 268 4 341
2 104 3 229
0 0 0 0
2 332 2 158
5 791 7 482
0 0 0 0
0 0 0 0
0 0 0 0
0 0 0 0
0 0 0 0
12 5337 15 4866
0 0 0 0
1 61 1 107
0 0 0 0
9 947 9 1494
3 269 4 341
2 104 2 104
10 928 16 15314
6 863 6 432
1 142 0 0
4 275 6 485
3 271 4 342
3 272 4 342
0 0 0 0
2 123 2 212
0 0 0 0
0 0 0 0
2 104 2 177
0 0 0 0
2 104 2 177
56 21176 84 75677
20 5103 34 35007
43 22529 44 13256
0 0 0 0
4 636 5 312
3 187 3 1129
0 0 0 0
2 838 3 209
1 62 2 212
3 271 4 342
0 0 0 0
0 0 0 0
0 0 0 0
4 2350 4 1204
1 52 1 52
1 62 1 107
0 0 0 0
2 839 3 209
0 0 0 0
0 0 0 0
0 0 0 0
2 147 2 144
1 62 1 106
0 0 0 0
0 0 0 0
3 271 4 342
0 0 0 0
5 1748 6 361
4 333 5 449
5 2463 4 1219
0 0 0 0
0 0 0 0
0 0 0 0
0 0 0 0
0 0 0 0
8 4751 9 4223
7 987 10 945
3 272 4 342
0 0 0 0
0 0 0 0
0 0 0 0
3 243 3 246
0 0 0 0
1 61 1 107
0 0 0 0
3 271 4 342
0 0 0 0
1 52 1 52
0 0 0 0
7 906 9 645
0 0 0 0
0 0 0 0
2 147 2 144
0 0 0 0
3 909 4 257
3 272 4 342
1 62 2 212
0 0 0 0
0 0 0 0
1 52 1 52
3 272 5 395
0 0 0 0
0 0 0 0
0 0 0 0
11 1235 12 931
0 0 1 53
3 272 4 342
3 271 4 342
0 0 0 0
1 62 2 212
0 0 0 0
3 271 4 342
0 0 0 0
0 0 0 0
0 0 0 0
0 0 0 0
1 62 1 107
0 0 0 0
0 0 0 0
0 0 0 0
0 0 0 0
0 0 0 0
2 104 1 52
2 147 2 144
0 0 0 0
1 62 1 106
0 0 0 0
0 0 0 0
0 0 0 0
1 62 1 107
0 0 0 0
0 0 0 0
0 0 0 0
0 0 0 0
12 7779 14 7444
0 0 0 0
0 0 0 0
12 4049 17 4983
0 0 0 0
0 0 0 0
0 0 0 0
0 0 0 0
0 0 0 0
0 0 0 0
1 52 1 52
1 62 2 214
0 0 0 0
2 191 2 184
28 8507 28 20797
199 38436 897 1066061
345 35431 1660 2023097
193 42373 596 646903
129 25908 280 265684
0 0 0 0
2 147 2 144
8 3450 11 4800
0 0 0 0
4 313 5 432
12 5652 12 2086
30 12029 40 19716
4 1869 4 439
21 7153 29 6674
5 2221 4 768
120 26604 397 408752
249 35380 569 608939
112 28954 276 228521
87 22575 149 72701
17 3940 39 26618
0 0 0 0
15 6875 19 5276
27 10187 33 7227
0 0 1 54
31 8409 69 61088
89 20582 156 110369
85 30549 182 131212
3 249 4 325
0 0 0 0
18 3168 42 43281
23 5345 27 4962
13 6734 23 3678
2 129 4 440
22 9800 30 8179
8 2197 12 2206
57 11347 116 119538
73 14596 168 149029
157 37866 306 300423
86 12100 222 230046
9 1907 19 10269
0 0 0 0
0 0 0 0
10 3539 12 1191
1 61 1 107
21 2469 47 49472
22 6534 29 5438
15 6776 27 4349
0 0 0 0
3 249 4 325
19 3231 42 37988
39 10909 47 9944
16 6742 32 6242
0 0 0 0
0 0 0 0
46 12753 58 42470
79 25248 150 77478
21 6336 29 12653
50 16813 93 61809
3 204 17 7136
1 62 2 214
0 0 0 0
3 742 4 435
27 6860 30 7617
0 0 0 0
9 1032 10 750
18 3867 14 4571
28 12452 35 11380
54 13415 73 41941
2 147 2 144
0 0 0 0
16 4580 21 5597
43 10714 58 21588
2 446 3 484
96 19920 115 69502
45 12051 77 34168
68 20440 135 90490
89 26506 260 232924
21 6908 39 13828
0 0 0 0
40 8141 45 32044
64 17291 122 98112
19 5503 54 36295
26 10430 42 11375
2 809 1 61
18 2025 21 11656
3 678 4 442
0 0 0 0
4 990 5 493
6 1322 9 817
26 12715 24 8816
16 4197 26 21045
2 114 3 266
0 0 0 0
0 0 0 0
0 0 0 0
2 104 2 104
0 0 0 0
0 0 0 0
0 0 0 0
4 251 4 321
2 126 2 212
0 0 0 0
0 0 0 0
0 0 0 0
0 0 0 0
5 469 5 1297
9 5121 12 4589
1 52 1 52
0 0 0 0
0 0 0 0
0 0 0 0
11 4207 15 4808
1 66 2 175
0 0 0 0
8 3451 11 4800
0 0 0 0
0 0 0 0
3 252 4 326
0 0 0 0
0 0 0 0
0 0 0 0
1 61 1 107
0 0 0 0
0 0 0 0
0 0 0 0
5 518 5 359
3 451 4 285
3 314 3 280
2 123 4 325
0 0 0 0
2 147 2 144
0 0 0 0
1 61 1 106
0 0 0 0
0 0 0 0
2 189 3 280
2 104 2 104
0 0 0 0
0 0 0 0
0 0 0 0
6 510 6 1295
0 0 0 0
7 1125 9 643
0 0 0 0
0 0 0 0
3 250 4 386
9 5120 12 4588
0 0 0 0
0 0 0 0
0 0 0 0
2 189 3 280
0 0 0 0
1 52 1 52
12 4315 11 4503
17 1671 28 19462
7 3547 9 4886
2 189 3 280
3 249 4 325
0 0 0 0
0 0 0 0
33 13216 37 25525
68 5411 153 185728
8 4458 7 548
0 0 0 0
0 0 0 0
0 0 0 0
1 62 2 214
1 773 0 0
1 65 3 211
0 0 0 0
0 0 0 0
0 0 0 0
0 0 0 0
11 4208 14 4748
2 127 3 233
0 0 0 0
0 0 0 0
1 774 0 0
1 65 3 211
0 0 0 0
0 0 0 0
2 104 2 104
1 62 2 214
0 0 0 0
0 0 0 0
2 104 2 104
4 456 3 215
5 1290 8 586
1 65 1 54
0 0 0 0
0 0 0 0
0 0 0 0
15 6258 19 6637
0 0 0 0
13 7130 16 6012
0 0 0 0
0 0 0 0
1 52 1 52
35 10736 45 37713
8 3605 10 5202
0 0 0 0
0 0 0 0
0 0 0 0
7 1271 10 751
0 0 0 0
0 0 0 0
5 2410 4 1235
1 61 1 107
0 0 0 0
0 0 0 0
0 0 0 0
0 0 0 0
0 0 0 0
0 0 0 0
0 0 0 0
1 61 1 108
2 104 1 52
0 0 0 0
0 0 0 0
0 0 0 0
0 0 0 0
0 0 0 0
4 2398 4 1297
3 208 3 251
0 0 0 0
0 0 0 0
1 52 1 52
0 0 0 0
2 123 2 216
5 4837 0 0
7 451 14 4687
0 0 0 0
0 0 0 0
0 0 0 0
10 4794 13 6147
20 8489 24 8228
0 0 0 0
3 248 4 325
0 0 0 0
0 0 0 0
0 0 0 0
2 104 2 177
23 876 23 949
0 0 0 0
3 165 3 285
0 0 0 0
0 0 0 0
0 0 0 0
12 1278 14 1029
0 0 0 0
0 0 0 0
0 0 0 0
3 219 6 417
0 0 0 0
2 147 2 144
3 165 3 284
2 190 3 280
0 0 0 0
0 0 0 0
0 0 0 0
0 0 0 0
0 0 0 0
0 0 0 0
0 0 0 0
0 0 0 0
20 3742 22 8041
4 376 5 506
0 0 0 0
1 62 2 214
5 4788 0 0
4 1460 12 4585
2 189 3 280
0 0 0 0
0 0 0 0
3 249 4 325
0 0 0 0
2 126 2 216
2 190 3 280
3 249 4 324
0 0 0 0
0 0 0 0
0 0 0 0
0 0 0 0
0 0 0 0
0 0 0 0
3 211 3 251
0 0 0 0
0 0 0 0
0 0 0 0
2 130 2 216
0 0 0 0
0 0 0 0
0 0 0 0
0 0 0 0
0 0 0 0
0 0 0 0
0 0 0 0
12 4053 15 4815
1 66 2 177
0 0 0 0
0 0 0 0
0 0 0 0
0 0 0 0
0 0 0 0
0 0 0 0
1 61 1 108
0 0 0 0
0 0 0 0
0 0 0 0
11 5629 8 596
5 354 12 4584
0 0 0 0
1 52 1 52
0 0 0 0
0 0 0 0
0 0 0 0
2 147 2 144
1 61 1 107
0 0 0 0
0 0 0 0
0 0 0 0
0 0 0 0
0 0 0 0
0 0 0 0
0 0 0 0
6 835 7 472
1 67 2 177
0 0 0 0
0 0 0 0
17 8675 15 5390
2 123 2 214
0 0 0 0
0 0 0 0
0 0 0 0
0 0 0 0
0 0 0 0
0 0 0 0
0 0 0 0
1 62 1 108
0 0 0 0
0 0 0 0
0 0 0 0
0 0 0 0
0 0 0 0
0 0 0 0
0 0 0 0
1 62 1 107
2 147 2 144
0 0 0 0
5 4816 2 1346
5 349 10 3290
0 0 0 0
0 0 0 0
60 9422 107 126751
4 3155 0 0
7 1712 15 5070
0 0 0 0
3 240 4 332
0 0 0 0
17 6839 20 7904
0 0 0 0
0 0 0 0
0 0 0 0
0 0 0 0
0 0 0 0
0 0 0 0
1 61 1 108
0 0 0 0
2 278 1 60
6 502 8 1640
0 0 0 0
7 1126 9 653
0 0 0 0
0 0 0 0
0 0 0 0
0 0 0 0
0 0 0 0
3 240 4 332
2 147 2 144
2 123 2 214
0 0 0 0
0 0 0 0
0 0 0 0
0 0 0 0
0 0 0 0
0 0 0 0
0 0 0 0
10 1154 12 929
0 0 0 0
5 4785 2 1346
4 287 9 3185
0 0 0 0
3 250 4 387
0 0 0 0
2 189 3 280
0 0 0 0
0 0 0 0
0 0 0 0
3 249 4 325
2 189 3 280
1 61 1 108
0 0 0 0
1 52 1 52
0 0 0 0
0 0 0 0
0 0 0 0
0 0 0 0
1 61 1 107
0 0 0 0
2 147 2 144
0 0 0 0
3 344 4 1196
5 686 4 1261
0 0 0 0
0 0 0 0
0 0 0 0
0 0 0 0
0 0 0 0
0 0 0 0
0 0 0 0
8 3531 11 4416
6 866 6 571
1 52 1 52
0 0 0 0
0 0 0 0
0 0 0 0
0 0 0 0
1 61 1 108
0 0 0 0
6 6069 0 0
4 320 14 5932
0 0 0 0
0 0 0 0
7 907 9 649
0 0 0 0
0 0 0 0
0 0 0 0
0 0 0 0
0 0 0 0
0 0 0 0
3 208 3 251
0 0 0 0
0 0 0 0
0 0 0 0
0 0 0 0
0 0 0 0
0 0 0 0
7 886 8 524
1 67 2 177
0 0 0 0
0 0 0 0
0 0 0 0
0 0 0 0
1 61 1 107
0 0 0 0
0 0 0 0
0 0 0 0
0 0 0 0
2 104 1 52
0 0 0 0
1 61 1 108
0 0 0 0
0 0 0 0
0 0 0 0
0 0 0 0
0 0 0 0
0 0 0 0
0 0 0 0
1 61 1 107
6 6095 0 0
7 1772 14 7444
2 147 2 144
0 0 0 0
1 61 1 108
0 0 0 0
12 6158 16 6426
0 0 0 0
3 249 4 324
0 0 0 0
0 0 0 0
0 0 0 0
15 5534 17 6520
0 0 1 54
0 0 0 0
0 0 0 0
0 0 0 0
0 0 0 0
0 0 0 0
0 0 0 0
2 123 2 216
2 189 3 280
0 0 0 0
1 52 1 52
0 0 0 0
21 9547 24 7695
0 0 0 0
0 0 0 0
0 0 0 0
2 189 3 280
0 0 0 0
0 0 0 0
2 123 2 214
2 147 2 144
0 0 0 0
0 0 0 0
2 104 2 177
0 0 0 0
4 2355 4 1372
3 317 4 334
8 5258 3 228
10 1181 18 5011
0 0 0 0
0 0 0 0
3 250 4 325
3 250 4 387
0 0 0 0
0 0 0 0
0 0 0 0
0 0 0 0
2 189 3 280
2 189 3 280
0 0 0 0
1 61 1 108
4 2396 4 1200
0 0 0 0
0 0 0 0
0 0 0 0
0 0 0 0
0 0 0 0
0 0 0 0
42 4345 37 13940
0 0 0 0
0 0 0 0
2 147 2 144
38 18813 28 9946
8 542 10 1442
0 0 0 0
0 0 0 0
0 0 0 0
0 0 0 0
0 0 0 0
0 0 0 0
0 0 0 0
16 7030 20 7890
0 0 0 0
0 0 0 0
0 0 0 0
0 0 0 0
0 0 0 0
5 4790 0 0
7 1770 13 6202
0 0 0 0
0 0 0 0
0 0 0 0
8 981 9 659
0 0 0 0
0 0 0 0
0 0 0 0
0 0 0 0
0 0 0 0
0 0 0 0
0 0 0 0
0 0 0 0
0 0 0 0
3 208 3 251
0 0 0 0
0 0 0 0
0 0 0 0
0 0 0 0
20 8884 18 8698
3 390 3 216
4 516 6 434
0 0 0 0
0 0 0 0
0 0 0 0
32 6357 25 11968
7 3504 12 6665
0 0 0 0
0 0 0 0
0 0 0 0
0 0 0 0
0 0 0 0
0 0 0 0
0 0 0 0
0 0 0 0
1 61 1 108
0 0 0 0
0 0 0 0
0 0 0 0
6 6097 0 0
4 322 14 5931
4 1226 4 373
0 0 0 0
0 0 0 0
0 0 0 0
15 5193 19 6683
0 0 0 0
2 188 3 280
0 0 0 0
19 12823 20 6502
0 0 0 0
0 0 0 0
3 649 3 196
0 0 0 0
3 651 3 196
0 0 0 0
15 5763 18 6551
0 0 0 0
0 0 0 0
0 0 0 0
0 0 0 0
3 250 4 388
0 0 0 0
0 0 0 0
0 0 0 0
2 277 1 52
8 1195 11 1687
1 68 2 184
0 0 0 0
2 190 3 280
0 0 0 0
0 0 0 0
0 0 0 0
1 52 1 52
0 0 0 0
0 0 0 0
3 208 3 251
0 0 0 0
0 0 0 0
7 4982 3 280
4 288 11 4521
0 0 0 0
8 985 9 661
0 0 0 0
5 436 6 489
0 0 0 0
0 0 0 0
2 123 2 214
0 0 0 0
0 0 0 0
2 189 3 280
3 250 4 324
0 0 0 0
9 5281 9 2983
54 11284 60 43757
8 1925 9 1395
71 19786 104 104408
37 2245 90 109402
6 4274 5 336
0 0 0 0
0 0 0 0
3 898 4 257
1 62 1 107
21 4979 17 11957
878 1270851 519 32410
1057 1534764 1048 56084
1031 1497012 607 33340
1056 1530555 658 36176
136 194863 128 7072
0 0 0 0
2 104 2 862
33 11763 38 12744
0 0 0 0
0 0 0 0
0 0 0 0
0 0 0 0
0 0 0 0
1 61 1 107
0 0 0 0
0 0 0 0
0 0 0 0
2 843 3 211
0 0 0 0
1 61 1 108
0 0 0 0
0 0 0 0
12 5060 14 6749
0 0 0 0
6 975 7 1429
4 757 6 442
0 0 0 0
0 0 0 0
0 0 0 0
0 0 0 0
3 1084 2 214
0 0 1 52
2 848 3 211
0 0 0 0
5 517 6 1417
1 52 1 52
1 52 1 52
0 0 0 0
0 0 0 0
7 1148 9 658
0 0 0 0
0 0 0 0
0 0 0 0
0 0 0 0
2 123 2 214
0 0 0 0
2 104 1 52
0 0 0 0
0 0 0 0
0 0 0 0
0 0 0 0
0 0 0 0
0 0 0 0
0 0 0 0
3 395 2 160
5 603 7 498
3 674 3 196
0 0 0 0
0 0 0 0
1 61 1 107
13 2284 16 2209
16 4553 21 6373
2 123 3 269
1 125 0 0
22 3480 25 2808
3 215 4 1285
0 0 0 0
1 52 1 52
0 0 0 0
0 0 0 0
4 716 3 194
0 0 1 52
11 6534 13 6156
0 0 0 0
0 0 0 0
4 620 4 303
3 658 3 196
3 632 3 196
5 809 6 447
0 0 0 0
1 52 1 52
1 62 2 214
0 0 0 0
28 9046 29 12477
1 52 1 52
1 64 1 107
2 189 3 280
0 0 0 0
0 0 0 0
0 0 0 0
0 0 0 0
0 0 0 0
0 0 0 0
0 0 0 0
0 0 0 0
1 64 1 108
4 336 5 424
0 0 0 0
0 0 0 0
0 0 0 0
0 0 0 0
2 190 3 280
1 64 1 107
0 0 0 0
0 0 0 0
0 0 0 0
1 65 1 107
0 0 0 0
0 0 0 0
0 0 0 0
0 0 0 0
0 0 0 0
10 6304 11 4525
0 0 1 52
0 0 0 0
0 0 0 0
16 8198 19 7840
1 68 2 188
0 0 0 0
0 0 0 0
0 0 0 0
0 0 0 0
0 0 0 0
7 938 9 665
0 0 0 0
1 52 1 52
3 389 3 215
8 821 8 592
0 0 0 0
1 52 1 52
0 0 0 0
0 0 0 0
0 0 0 0
0 0 0 0
0 0 0 0
0 0 0 0
0 0 0 0
1 61 1 107
0 0 0 0
0 0 0 0
47 18146 60 17524
0 0 0 0
0 0 0 0
2 123 2 212
0 0 0 0
0 0 0 0
0 0 0 0
2 126 2 212
0 0 0 0
0 0 0 0
0 0 0 0
0 0 0 0
9 5083 11 4531
0 0 0 0
0 0 0 0
24 11310 21 9737
0 0 0 0
0 0 0 0
3 199 3 196
0 0 0 0
2 130 2 214
0 0 0 0
0 0 0 0
1 66 1 107
0 0 0 0
0 0 0 0
0 0 0 0
1 66 1 107
0 0 0 0
0 0 0 0
1 52 1 52
0 0 0 0
0 0 0 0
0 0 0 0
1 52 1 52
0 0 0 0
0 0 0 0
0 0 0 0
0 0 0 0
0 0 0 0
1 66 1 107
8 3447 11 4801
3 253 4 326
0 0 0 0
16 7119 20 7931
2 129 3 249
0 0 0 0
0 0 0 0
7 933 9 667
2 147 2 144
0 0 0 0
0 0 0 0
9 5082 11 4527
0 0 0 0
0 0 0 0
0 0 0 0
0 0 0 0
0 0 0 0
0 0 0 0
2 188 3 280
0 0 0 0
7 931 9 659
0 0 0 0
4 293 5 384
5 439 6 435
1 61 1 107
0 0 0 0
2 189 3 280
1 61 1 107
0 0 0 0
0 0 0 0
0 0 0 0
0 0 0 0
0 0 0 0
0 0 0 0
12 7067 16 6035
0 0 0 0
2 189 3 280
0 0 0 0
1 52 1 52
2 147 2 144
1 61 1 106
2 190 3 280
0 0 0 0
0 0 0 0
1 61 1 108
0 0 0 0
0 0 0 0
0 0 0 0
1 62 2 216
2 104 2 177
2 104 2 177
10 6353 13 5875
0 0 0 0
0 0 0 0
0 0 0 0
0 0 0 0
0 0 0 0
0 0 0 0
1 52 1 52
0 0 0 0
1 62 1 107
0 0 0 0
0 0 0 0
0 0 0 0
2 124 2 160
14 4909 17 4950
0 0 0 0
2 104 2 104
8 999 9 664
0 0 0 0
2 147 2 144
0 0 0 0
0 0 0 0
0 0 0 0
0 0 0 0
0 0 0 0
0 0 0 0
0 0 0 0
0 0 0 0
0 0 0 0
7 931 8 606
0 0 1 54
0 0 0 0
0 0 0 0
0 0 0 0
2 123 2 214
0 0 0 0
0 0 0 0
1 62 1 107
0 0 0 0
0 0 0 0
10 5142 12 4586
0 0 0 0
0 0 0 0
0 0 0 0
0 0 0 0
0 0 0 0
0 0 0 0
0 0 0 0
0 0 0 0
0 0 0 0
3 209 3 251
0 0 0 0
0 0 0 0
0 0 0 0
1 62 1 108
0 0 0 0
2 104 1 52
0 0 0 0
1 63 1 108
0 0 0 0
0 0 0 0
1 52 1 52
0 0 0 0
0 0 0 0
0 0 0 0
0 0 0 0
0 0 0 0
0 0 0 0
0 0 0 0
10 4795 13 6147
2 192 3 282
1 63 1 108
2 188 3 280
0 0 0 0
0 0 0 0
16 6804 20 7914
0 0 0 0
0 0 0 0
7 933 9 665
0 0 0 0
16 5978 18 6060
2 147 2 144
0 0 0 0
0 0 0 0
0 0 0 0
0 0 0 0
0 0 0 0
0 0 0 0
2 189 3 280
0 0 0 0
0 0 0 0
9 1340 11 889
0 0 1 52
5 438 6 488
0 0 0 0
1 61 1 107
2 189 3 280
0 0 0 0
0 0 0 0
1 61 1 107
0 0 0 0
0 0 0 0
0 0 0 0
7 857 8 1468
0 0 0 0
0 0 0 0
4 302 5 376
0 0 0 0
0 0 0 0
0 0 0 0
0 0 0 0
2 189 3 280
3 208 3 251
0 0 0 0
0 0 0 0
0 0 0 0
1 61 1 108
0 0 0 0
0 0 0 0
1 61 1 108
9 5117 12 4587
0 0 0 0
0 0 0 0
0 0 0 0
0 0 0 0
0 0 0 0
0 0 0 0
0 0 0 0
0 0 0 0
0 0 0 0
0 0 0 0
0 0 0 0
1 61 1 108
0 0 0 0
0 0 0 0
0 0 0 0
8 3536 11 4427
4 761 6 578
0 0 0 0
4 455 5 361
3 478 4 301
0 0 0 0
0 0 0 0
2 147 2 144
0 0 0 0
0 0 0 0
0 0 0 0
0 0 0 0
0 0 0 0
0 0 0 0
0 0 0 0
1 52 1 52
0 0 0 0
7 934 9 661
0 0 0 0
0 0 0 0
0 0 0 0
2 123 2 214
0 0 0 0
0 0 0 0
13 6549 14 6310
0 0 0 0
0 0 0 0
21 10319 17 6637
0 0 0 0
0 0 0 0
0 0 0 0
0 0 0 0
0 0 0 0
0 0 0 0
0 0 0 0
0 0 0 0
0 0 0 0
1 64 1 107
2 147 2 144
0 0 0 0
0 0 0 0
1 64 1 108
0 0 0 0
0 0 0 0
1 64 1 108
0 0 0 0
0 0 0 0
0 0 0 0
0 0 0 0
0 0 0 0
0 0 0 0
0 0 0 0
0 0 0 0
9 3508 11 4804
2 192 3 227
0 0 0 0
3 249 4 325
0 0 0 0
1 65 1 108
0 0 0 0
1 52 1 52
9 6036 11 5569
7 809 9 2345
0 0 0 0
14 5885 16 4897
2 129 4 301
0 0 0 0
0 0 0 0
0 0 0 0
2 147 2 144
0 0 0 0
0 0 0 0
13 7159 16 5946
2 188 3 280
0 0 0 0
1 126 0 0
1 63 3 280
0 0 0 0
12 1588 15 1149
0 0 0 0
0 0 0 0
2 190 3 280
1 62 2 214
0 0 0 0
0 0 0 0
2 126 2 214
0 0 0 0
7 899 8 1571
0 0 0 0
0 0 0 0
0 0 0 0
2 190 3 280
0 0 0 0
0 0 0 0
0 0 0 0
0 0 0 0
2 189 3 280
0 0 0 0
0 0 0 0
1 61 1 107
2 147 2 144
0 0 0 0
1 61 1 108
0 0 0 0
10 6395 14 5934
1 52 1 52
1 61 1 108
0 0 0 0
0 0 0 0
0 0 0 0
0 0 0 0
0 0 0 0
0 0 0 0
0 0 0 0
0 0 0 0
0 0 0 0
0 0 0 0
1 52 1 52
0 0 0 0
1 62 2 216
8 3705 11 8305
1 60 1 53
0 0 0 0
12 6299 14 7320
5 825 6 582
0 0 2 160
7 934 7 507
0 0 0 0
0 0 0 0
0 0 0 0
0 0 0 0
2 147 2 144
0 0 0 0
0 0 0 0
0 0 0 0
0 0 0 0
0 0 0 0
0 0 0 0
0 0 0 0
2 331 2 160
5 603 7 501
0 0 0 0
94 22043 143 151439
27 2789 92 109411
7 4291 6 443
0 0 0 0
1 61 1 107
14 8367 16 7098
0 0 0 0
0 0 0 0
1 52 1 52
0 0 0 0
0 0 0 0
2 837 3 211
0 0 0 0
0 0 0 0
0 0 0 0
0 0 0 0
0 0 0 0
0 0 0 0
1 61 1 107
0 0 0 0
4 251 3 196
2 839 3 211
1 61 1 108
0 0 0 0
0 0 0 0
2 123 2 216
0 0 0 0
0 0 0 0
0 0 0 0
0 0 0 0
0 0 0 0
11 4355 15 5072
2 192 3 227
0 0 0 0
2 188 3 280
0 0 0 0
0 0 0 0
2 844 3 211
1 62 1 108
0 0 0 0
0 0 0 0
0 0 0 0
0 0 0 0
13 4366 17 5006
0 0 0 0
8 998 7 478
1 68 2 188
0 0 0 0
0 0 0 0
0 0 0 0
0 0 0 0
2 147 2 144
2 190 3 280
1 52 1 52
2 189 3 280
0 0 0 0
1 249 0 0
9 689 11 1753
0 0 0 0
8 1213 10 774
2 189 3 280
0 0 0 0
0 0 0 0
2 123 2 214
0 0 0 0
14 8414 16 7084
1 62 1 107
0 0 0 0
0 0 0 0
0 0 0 0
2 189 3 280
0 0 0 0
0 0 0 0
0 0 0 0
0 0 0 0
2 189 3 280
0 0 0 0
9 5079 11 4523
0 0 0 0
1 62 1 107
0 0 0 0
0 0 0 0
2 147 2 144
0 0 0 0
1 62 1 108
0 0 0 0
1 63 1 108
0 0 0 0
0 0 0 0
0 0 0 0
0 0 0 0
0 0 0 0
0 0 0 0
0 0 0 0
0 0 0 0
0 0 0 0
0 0 0 0
0 0 0 0
1 52 1 52
0 0 0 0
1 63 1 108
0 0 0 0
0 0 0 0
0 0 0 0
11 6237 14 7310
5 826 6 572
0 0 0 0
7 937 9 657
0 0 0 0
0 0 0 0
10 5338 13 5763
0 0 0 0
0 0 0 0
2 147 2 144
0 0 0 0
0 0 0 0
0 0 0 0
9 5081 11 4519
0 0 0 0
0 0 0 0
0 0 0 0
10 1857 13 2038
2 104 2 177
0 0 0 0
1 61 1 107
15 6699 15 5607
0 0 0 0
2 123 2 214
0 0 0 0
0 0 0 0
0 0 0 0
0 0 0 0
0 0 0 0
0 0 0 0
0 0 0 0
0 0 0 0
0 0 0 0
0 0 0 0
3 701 4 1408
0 0 0 0
0 0 0 0
0 0 0 0
1 62 1 107
0 0 0 0
2 147 2 144
1 62 1 108
0 0 0 0
0 0 0 0
1 64 1 108
0 0 0 0
0 0 0 0
5 3232 1 108
7 540 15 5072
0 0 0 0
2 188 3 280
0 0 0 0
0 0 0 0
12 6563 12 6102
0 0 0 0
0 0 0 0
0 0 0 0
0 0 0 0
1 64 1 108
0 0 0 0
0 0 0 0
12 4278 15 4806
1 68 2 179
0 0 0 0
2 333 3 217
5 562 6 433
0 0 0 0
0 0 0 0
0 0 0 0
2 190 3 280
2 189 3 280
2 147 2 144
0 0 0 0
0 0 0 0
5 438 6 488
0 0 0 0
0 0 0 0
4 310 5 375
8 944 9 703
0 0 1 54
0 0 0 0
0 0 0 0
2 123 2 214
0 0 0 0
0 0 0 0
1 62 1 107
0 0 0 0
3 249 4 325
0 0 0 0
0 0 0 0
0 0 0 0
0 0 0 0
2 190 3 280
9 5083 11 4529
0 0 0 0
0 0 0 0
0 0 0 0
0 0 0 0
1 62 1 107
0 0 0 0
0 0 0 0
0 0 0 0
3 209 3 252
0 0 0 0
0 0 0 0
1 63 1 108
0 0 0 0
0 0 0 0
0 0 0 0
0 0 0 0
0 0 0 0
0 0 0 0
0 0 0 0
0 0 0 0
0 0 0 0
0 0 0 0
0 0 0 0
0 0 0 0
0 0 0 0
1 63 1 108
0 0 0 0
0 0 0 0
11 4904 15 6040
3 428 4 290
0 0 0 0
0 0 0 0
22 10835 27 9219
0 0 0 0
13 6107 17 6458
0 0 0 0
0 0 0 0
0 0 0 0
0 0 0 0
11 5232 13 4675
0 0 0 0
0 0 0 0
0 0 0 0
0 0 0 0
0 0 0 0
8 1316 10 757
0 0 0 0
21 12699 23 8893
0 0 0 0
1 61 1 107
0 0 0 0
0 0 0 0
1 61 1 107
0 0 0 0
0 0 0 0
0 0 0 0
0 0 0 0
0 0 0 0
0 0 0 0
0 0 0 0
0 0 0 0
0 0 0 0
0 0 0 0
0 0 0 0
0 0 0 0
0 0 0 0
1 61 1 107
0 0 0 0
0 0 0 0
1 61 1 108
2 147 2 144
0 0 0 0
0 0 0 0
1 61 1 108
13 3933 17 5190
0 0 0 0
2 188 3 280
0 0 0 0
27 14578 27 14417
236 320060 107 17054
1042 1512984 751 41468
856 1242912 502 27528
1083 1572516 681 37432
81 116788 88 4768
1 52 1 810
13 8895 9 3786
34 10194 44 17589
1 61 1 108
0 0 0 0
1 61 1 107
0 0 0 0
0 0 0 0
0 0 0 0
0 0 0 0
1 61 1 107
0 0 0 0
2 189 3 280
0 0 0 0
0 0 0 0
0 0 0 0
0 0 0 0
2 147 2 144
0 0 0 0
0 0 0 0
4 376 5 506
0 0 0 0
0 0 0 0
17 7853 16 2059
0 0 0 0
0 0 0 0
1 61 1 108
0 0 0 0
0 0 0 0
0 0 0 0
3 250 4 388
0 0 0 0
0 0 0 0
0 0 0 0
0 0 0 0
12 5327 15 4864
0 0 0 0
4 383 4 1190
0 0 0 0
0 0 0 0
0 0 0 0
0 0 0 0
0 0 0 0
0 0 0 0
1 62 2 214
0 0 0 0
1 62 1 108
0 0 0 0
2 147 2 144
0 0 0 0
0 0 0 0
10 1297 10 764
0 0 0 0
0 0 0 0
0 0 0 0
0 0 0 0
0 0 0 0
0 0 0 0
0 0 0 0
0 0 0 0
0 0 0 0
0 0 0 0
0 0 0 0
0 0 0 0
1 61 1 108
0 0 0 0
10 1066 8 527
1 68 2 173
0 0 0 0
0 0 0 0
0 0 0 0
1 61 1 107
0 0 0 0
0 0 0 0
0 0 0 0
9 5076 11 4530
0 0 0 0
0 0 0 0
0 0 0 0
2 147 2 144
0 0 0 0
0 0 0 0
0 0 0 0
67 26016 71 28214
0 0 0 0
2 123 2 214
0 0 0 0
1 62 1 108
0 0 0 0
0 0 0 0
0 0 0 0
0 0 0 0
1 62 1 108
0 0 0 0
0 0 0 0
0 0 0 0
0 0 0 0
0 0 0 0
0 0 0 0
0 0 0 0
0 0 0 0
0 0 0 0
0 0 0 0
0 0 0 0
0 0 0 0
1 62 1 108
0 0 0 0
0 0 0 0
1 63 1 108
0 0 0 0
14 5163 18 6572
0 0 0 0
12 5029 16 6041
4 712 6 563
0 0 0 0
9 5077 11 4532
0 0 0 0
0 0 0 0
0 0 0 0
0 0 0 0
0 0 0 0
0 0 0 0
0 0 0 0
0 0 0 0
0 0 0 0
0 0 0 0
1 61 1 108
0 0 0 0
5 761 5 362
2 129 4 286
0 0 0 0
1 52 0 0
0 0 1 52
3 251 4 387
0 0 0 0
0 0 0 0
0 0 0 0
0 0 0 0
0 0 0 0
0 0 0 0
0 0 0 0
4 336 5 424
0 0 0 0
15 7412 19 7153
0 0 0 0
0 0 0 0
0 0 0 0
7 1108 9 647
0 0 0 0
2 123 2 214
0 0 0 0
2 190 3 280
0 0 0 0
0 0 0 0
1 62 1 108
10 5139 12 4584
2 190 3 280
0 0 0 0
0 0 0 0
0 0 0 0
0 0 0 0
0 0 0 0
0 0 0 0
0 0 0 0
0 0 0 0
0 0 0 0
0 0 0 0
1 62 1 107
0 0 0 0
1 62 1 108
0 0 0 0
0 0 0 0
2 147 2 144
0 0 0 0
3 392 3 216
4 501 6 432
0 0 0 0
1 52 1 52
0 0 0 0
0 0 0 0
0 0 0 0
0 0 0 0
0 0 0 0
0 0 0 0
0 0 0 0
0 0 0 0
0 0 0 0
0 0 0 0
1 61 1 108
7 894 9 649
0 0 0 0
0 0 0 0
0 0 0 0
0 0 0 0
0 0 0 0
12 8944 13 5750
1 68 4 3136
0 0 0 0
0 0 0 0
0 0 0 0
0 0 0 0
0 0 0 0
0 0 0 0
11 3662 13 4951
5 439 6 437
0 0 0 0
0 0 0 0
0 0 0 0
6 827 7 473
1 68 2 177
1 61 1 107
0 0 0 0
0 0 0 0
0 0 0 0
12 5203 15 8284
1 61 1 108
0 0 0 0
0 0 0 0
0 0 0 0
0 0 0 0
0 0 0 0
0 0 0 0
3 156 2 104
0 0 0 0
0 0 0 0
0 0 0 0
0 0 0 0
49 20430 71 62589
15 896 33 36034
6 4229 6 436
5 440 6 616
0 0 1 52
2 190 3 280
88 11842 357 445625
2 147 2 144
3 381 3 212
5 562 7 491
0 0 0 0
24 4201 203 255198
0 0 0 0
1 52 1 52
0 0 0 0
0 0 0 0
40 5933 210 261174
0 0 0 0
0 0 0 0
0 0 0 0
0 0 0 0
14 8456 16 7272
25 4271 208 262077
8 1189 10 763
0 0 0 0
0 0 0 0
170 14337 310 382369
3 249 4 325
0 0 0 0
1 61 1 107
0 0 0 0
0 0 0 0
69 7102 225 281059
0 0 0 0
0 0 0 0
2 189 3 280
4 405 4 1201
26 4326 215 272223
2 147 2 144
0 0 0 0
0 0 0 0
0 0 0 0
198 15585 341 424141
6 1058 8 581
2 129 3 285
3 249 4 325
0 0 0 0
125 10829 207 261015
49 3140 77 92307
0 0 0 0
5 1094 9 747
3 348 4 1201
33 4767 208 261118
0 0 0 0
0 0 0 0
0 0 0 0
0 0 0 0
0 0 0 0
55 6201 209 261071
0 0 0 0
0 0 0 0
0 0 0 0
148 12287 308 384721
0 0 0 0
2 124 3 322
0 0 0 0
0 0 0 0
0 0 0 0
131 11184 291 364545
2 147 2 144
7 1119 7 473
1 68 2 179
0 0 0 0
77 7674 208 260496
0 0 0 0
0 0 0 0
0 0 0 0
96 8874 235 295167
0 0 0 0
0 0 0 0
0 0 0 0
0 0 0 0
0 0 0 0
34 4843 208 261985
1 62 2 216
8 972 9 656
0 0 0 0
0 0 0 0
87 8280 224 280759
0 0 0 0
13 6650 13 6208
0 0 1 57
0 0 0 0
40 8001 218 267312
0 0 0 0
0 0 0 0
27 12252 25 10995
3 186 4 775
145 15014 298 362827
0 0 0 0
2 147 2 144
0 0 0 0
0 0 0 0
0 0 0 0
159 13104 315 395300
146 12586 252 301768
0 0 0 0
4 2990 5 508
0 0 0 0
0 0 0 0
0 0 0 0
18 3861 39 43931
0 0 0 0
5 3051 5 508
0 0 0 0
0 0 0 0
0 0 0 0
130 11071 236 291898
0 0 0 0
0 0 0 0
10 3355 73 88548
5 3051 5 500
0 0 0 0
4 376 4 324
21 3155 25 2771
12 1294 15 2071
0 0 0 0
112 9955 210 260046
0 0 0 0
0 0 0 0
37 10798 51 49701
7 3198 6 599
0 0 0 0
0 0 0 0
0 0 0 0
5 517 5 322
4 740 6 436
86 8236 193 237698
5 3052 5 509
0 0 0 0
0 0 0 0
17 3802 38 43825
6 3104 7 619
0 0 0 0
0 0 0 0
0 0 0 0
2 124 4 430
84 8073 194 239988
2 189 3 280
3 2925 0 0
2 128 5 613
0 0 0 0
17 3800 38 43825
4 2991 4 456
0 0 0 0
0 0 0 0
2 189 3 280
0 0 0 0
185 17424 286 348492
0 0 0 0
0 0 0 0
12 4687 75 88660
3 211 3 1422
4 2994 4 456
0 0 0 0
10 1105 11 1805
26 6361 33 6204
3 190 4 1231
125 10844 186 228865
0 0 0 0
10 6473 11 6042
24 4343 45 45547
0 0 0 0
4 2997 4 456
0 0 0 0
0 0 0 0
0 0 0 0
0 0 0 0
116 10174 253 313646
0 0 0 0
0 0 0 0
14 3614 39 43881
0 0 0 0
4 3002 4 453
0 0 1 54
0 0 0 0
4 254 4 373
8 1182 9 652
0 0 0 0
236 18121 311 385348
0 0 0 0
4 3030 4 458
0 0 0 0
15 3697 40 43970
0 0 0 0
4 2994 4 457
0 0 0 0
0 0 0 0
96 8867 221 274830
4 2992 4 457
0 0 0 0
4 2982 1 54
10 625 37 43773
0 0 0 0
4 2992 4 457
0 0 0 0
1 62 2 214
3 188 3 322
0 0 0 0
77 7642 178 219295
10 5134 12 4586
4 2993 4 458
0 0 0 0
0 0 0 0
211 16371 290 358132
0 0 0 0
17 11303 22 7747
10 4791 12 6076
0 0 0 0
5 440 6 490
38 5138 38 43827
0 0 0 0
5 3049 5 511
0 0 0 0
24 4234 177 220779
5 3053 4 463
0 0 0 0
22 6549 29 7073
0 0 0 0
38 5130 38 43836
0 0 0 0
5 3054 5 521
1 52 1 52
16 3742 37 43784
4 2993 2 229
2 123 4 478
0 0 0 0
2 104 1 52
0 0 0 0
0 0 0 0
73 10115 184 224971
0 0 0 0
1 57 1 54
2 189 3 280
2 190 3 280
105 9495 218 266214
5 4266 5 526
3 185 3 319
9 1042 9 658
28 4503 40 43949
16 9467 19 6450
0 0 0 0
0 0 0 0
0 0 0 0
0 0 0 0
125 10754 204 248783
0 0 0 0
4 2993 4 468
0 0 0 0
0 0 0 0
26 4369 39 43891
4 2993 4 468
1 57 1 54
0 0 0 0
186 14805 275 339164
4 2994 5 514
0 0 0 0
11 1161 9 733
14 2239 19 3240
2 189 3 280
17 3802 37 43784
4 2993 5 441
0 0 0 0
0 0 0 0
0 0 0 0
0 0 0 0
232 24293 338 403462
6 3183 7 750
0 0 0 0
0 0 0 0
17 3803 38 43838
4 2993 4 469
0 0 0 0
1 57 1 54
0 0 0 0
9 3293 53 66628
66 4290 125 152670
6 3184 8 810
11 1375 12 917
1 62 2 216
9 5073 11 4526
24 4251 38 43838
2 189 3 280
5 3055 4 469
0 0 0 0
0 0 0 0
291 22798 350 429785
0 0 0 0
0 0 0 0
17 3803 37 43785
0 0 0 0
5 3057 5 639
0 0 0 0
1 57 1 54
0 0 0 0
0 0 0 0
0 0 0 0
57 6344 194 240977
1 62 2 214
6 584 5 430
5 580 7 533
16 3745 37 43785
0 0 0 0
0 0 0 0
67 6993 192 240591
0 0 0 0
5 3061 5 522
2 147 2 144
0 0 0 0
0 0 0 0
0 0 0 0
31 12260 55 51122
4 3002 4 469
0 0 0 0
1 57 1 54
14 7421 18 7569
0 0 0 0
94 8749 248 308420
5 3088 5 514
7 1279 9 652
14 7936 18 7833
14 3615 37 43785
5 3055 5 639
0 0 0 0
0 0 0 0
0 0 0 0
96 16471 192 223405
9 3548 14 4969
0 0 0 0
5 3055 5 524
5 440 6 490
38 5139 38 43843
4 2993 4 469
0 0 0 0
0 0 0 0
1 57 1 54
0 0 0 0
63 6737 95 114657
2 147 2 144
5 3054 5 575
8 969 10 762
0 0 0 0
7 3173 37 43149
0 0 0 0
0 0 0 0
0 0 0 0
0 0 0 0
0 0 0 0
0 0 0 0
0 0 0 0
0 0 0 0
0 0 0 0
0 0 0 0
2 189 3 280
2 190 3 280
3 246 3 282
0 0 1 52
0 0 0 0
0 0 0 0
0 0 0 0
10 5131 13 4746
6 584 5 430
4 517 6 438
0 0 0 0
0 0 0 0
0 0 0 0
0 0 0 0
0 0 0 0
0 0 0 0
2 147 2 144
0 0 0 0
0 0 0 0
0 0 0 0
0 0 0 0
1 52 1 52
0 0 0 0
1 57 1 54
0 0 0 0
0 0 0 0
0 0 0 0
12 1555 14 1031
1 61 2 162
1 62 2 214
0 0 0 0
0 0 0 0
0 0 0 0
8 1094 9 1612
0 0 0 0
2 189 3 280
0 0 0 0
0 0 0 0
0 0 0 0
0 0 0 0
0 0 0 0
0 0 0 0
0 0 0 0
0 0 0 0
0 0 0 0
2 189 3 280
0 0 0 0
12 6618 14 6234
5 518 5 430
5 796 6 438
3 251 5 496
0 0 0 0
0 0 0 0
0 0 0 0
0 0 0 0
0 0 0 0
0 0 0 0
0 0 0 0
0 0 0 0
0 0 0 0
0 0 0 0
0 0 0 0
6 911 6 373
3 190 3 1139
0 0 0 0
0 0 0 0
1 52 1 52
0 0 0 0
0 0 0 0
2 124 3 323
9 1255 10 762
0 0 0 0
0 0 0 0
0 0 0 0
0 0 0 0
0 0 0 0
0 0 0 0
0 0 0 0
2 147 2 144
0 0 0 0
0 0 0 0
0 0 0 0
0 0 0 0
0 0 0 0
0 0 0 0
1 57 1 54
0 0 0 0
9 5079 11 4525
0 0 0 0
0 0 0 0
9 1031 12 979
0 0 0 0
0 0 0 0
0 0 0 0
8 3487 11 4799
0 0 0 0
0 0 0 0
0 0 0 0
5 440 6 488
0 0 0 0
0 0 0 0
0 0 0 0
0 0 0 0
0 0 0 0
0 0 0 0
1 57 1 54
0 0 0 0
0 0 0 0
0 0 0 0
2 147 2 144
11 1366 13 1031
2 120 2 106
0 0 0 0
57 19022 75 61176
21 5127 35 36614
0 0 0 0
4 937 4 262
0 0 0 0
0 0 0 0
82 10610 327 410250
2 190 3 280
2 189 3 227
0 0 0 0
2 190 3 280
23 3993 176 220935
1 57 1 54
2 845 3 211
0 0 0 0
0 0 0 0
115 9985 263 329714
1 61 1 108
7 904 8 584
1 68 2 181
0 0 0 0
22 3940 177 223841
0 0 0 0
3 904 4 257
0 0 0 0
0 0 0 0
0 0 0 0
2 147 2 144
89 8249 234 291690
0 0 0 0
0 0 0 0
0 0 0 0
38 4970 189 236648
18 10859 21 6499
0 0 0 0
2 189 3 280
0 0 0 0
94 9260 218 257950
1 61 1 108
1 61 1 107
8 1033 9 1513
0 0 0 0
116 10000 233 289243
2 190 3 280
0 0 0 0
0 0 0 0
58 6247 217 271258
21 8098 21 13518
0 0 0 0
0 0 0 0
0 0 0 0
0 0 0 0
0 0 0 0
26 4720 185 225987
3 655 3 196
1 57 1 54
292 22060 356 435663
2 123 2 214
7 1455 9 673
8 1196 9 658
32 11494 36 26470
10 1084 15 11720
10 5169 9 4242
0 0 0 0
0 0 0 0
0 0 0 0
0 0 0 0
0 0 0 0
0 0 0 0
0 0 0 0
3 645 3 196
0 0 0 0
3 650 3 167
0 0 0 0
0 0 0 0
4 712 4 250
0 0 0 0
0 0 0 0
3 601 3 252
2 125 2 159
7 1109 9 612
6 1039 6 409
0 0 0 0
0 0 0 0
0 0 0 0
0 0 0 0
0 0 0 0
0 0 0 0
0 0 0 0
2 147 2 144
0 0 0 0
17 13240 16 7073
3 185 5 1952
0 0 0 0
0 0 0 0
0 0 0 0
2 109 2 106
0 0 0 0
0 0 0 0
8 1191 10 766
31 15848 30 11163
9 3550 11 4807
0 0 0 0
0 0 0 0
0 0 0 0
0 0 0 0
5 440 6 490
3 608 3 196
0 0 0 0
0 0 0 0
0 0 0 0
0 0 0 0
0 0 0 0
0 0 0 0
0 0 0 0
1 57 1 54
0 0 0 0
0 0 0 0
0 0 0 0
6 580 5 431
6 886 8 585
3 165 2 160
0 0 0 0
3 676 3 196
0 0 0 0
0 0 0 0
0 0 0 0
4 375 5 379
2 190 3 227
0 0 0 0
2 189 3 280
0 0 0 0
0 0 0 0
0 0 0 0
0 0 0 0
0 0 0 0
2 608 2 110
2 124 2 140
0 0 0 0
0 0 0 0
2 123 3 323
7 909 7 477
4 743 5 377
0 0 0 0
0 0 0 0
12 7146 16 6090
0 0 0 0
0 0 0 0
0 0 0 0
0 0 0 0
0 0 0 0
2 147 2 144
0 0 0 0
0 0 0 0
3 656 3 196
0 0 0 0
3 246 4 334
3 653 3 197
0 0 0 0
0 0 0 0
13 3659 14 2127
4 715 4 306
3 656 3 199
0 0 0 0
2 190 3 280
0 0 0 0
0 0 0 0
0 0 0 0
0 0 0 0
11 8231 12 4401
396 483329 103 20065
219 242366 64 11530
1 523 0 0
22 5046 26 18272
9 941 12 4888
9 1129 11 4600
2 123 4 1320
5 779 4 1043
3 185 4 1632
11 1327 11 3590
0 0 0 0
2 127 3 324
3 211 3 252
0 0 0 0
0 0 0 0
0 0 0 0
0 0 0 0
0 0 0 0
21 2711 21 5553
4 3596 2 109
7 814 7 3012
5 798 8 2526
23 2118 23 11266
0 0 0 0
3 653 3 199
7 1396 7 1593
8 1125 7 3520
0 0 0 0
0 0 0 0
0 0 0 0
0 0 0 0
2 126 2 216
0 0 0 0
1 63 1 108
0 0 0 0
0 0 0 0
24 21327 23 6605
3 543 3 199
0 0 0 0
0 0 0 0
0 0 0 0
0 0 0 0
0 0 0 0
2 147 2 144
4 1234 4 253
0 0 0 0
0 0 0 0
0 0 0 0
4 711 4 253
0 0 0 0
7 1298 7 1407
0 0 0 0
26 8644 32 8722
0 0 0 0
2 123 2 216
0 0 0 0
0 0 0 0
0 0 0 0
0 0 0 0
0 0 0 0
0 0 0 0
0 0 0 0
0 0 0 0
0 0 0 0
0 0 0 0
1 52 1 52
0 0 0 0
0 0 0 0
3 649 3 199
1 57 1 54
0 0 0 0
0 0 0 0
2 122 2 214
0 0 0 0
12 1729 14 1006
5 1226 5 305
0 0 0 0
5 3210 3 199
7 2133 11 4804
5 729 4 289
2 192 3 280
3 655 3 201
3 657 3 200
0 0 0 0
0 0 0 0
3 654 3 200
3 656 3 200
0 0 0 0
0 0 0 0
1 57 1 54
0 0 0 0
20 12248 19 7604
1 62 3 268
4 723 4 308
1 62 1 107
0 0 0 0
0 0 0 0
0 0 0 0
3 663 3 200
0 0 0 0
0 0 0 0
0 0 0 0
0 0 0 0
0 0 0 0
0 0 0 0
2 147 2 144
3 531 3 200
5 855 6 451
0 0 0 0
2 114 2 109
0 0 0 0
0 0 0 0
11 4224 15 4810
9 1076 11 790
0 0 0 0
3 250 4 388
0 0 0 0
0 0 0 0
0 0 0 0
0 0 0 0
0 0 0 0
3 685 3 200
0 0 0 0
4 311 5 375
0 0 0 0
2 189 3 280
0 0 0 0
0 0 0 0
0 0 0 0
0 0 0 0
6 931 7 534
0 0 0 0
1 61 1 107
3 657 3 200
4 725 4 278
8 996 10 767
2 147 2 144
0 0 0 0
0 0 0 0
0 0 0 0
0 0 0 0
0 0 0 0
3 657 3 200
0 0 0 0
2 593 1 58
4 315 6 467
0 0 0 0
5 439 6 488
0 0 0 0
0 0 0 0
1 57 1 54
0 0 0 0
0 0 0 0
1 61 1 108
1 61 1 108
0 0 0 0
1 61 1 107
0 0 0 0
0 0 0 0
0 0 0 0
0 0 0 0
0 0 0 0
0 0 0 0
0 0 0 0
0 0 0 0
0 0 0 0
0 0 0 0
2 147 2 144
0 0 0 0
3 665 3 200
29 9777 25 12872
5 1265 4 251
3 190 4 232
5 3276 5 1614
9 1360 16 3763
5 606 7 501
1 62 2 216
1 81 0 0
0 0 0 0
0 0 0 0
0 0 0 0
0 0 0 0
0 0 0 0
0 0 0 0
0 0 0 0
0 0 0 0
0 0 0 0
0 0 0 0
0 0 0 0
0 0 0 0
0 0 0 0
1 57 1 54
0 0 0 0
0 0 0 0
2 124 3 321
0 0 0 0
8 1001 9 660
0 0 0 0
11 3694 14 5004
0 0 0 0
2 193 3 282
0 0 0 0
0 0 0 0
0 0 0 0
0 0 0 0
0 0 0 0
0 0 0 0
0 0 0 0
18 12121 18 6297
0 0 0 0
0 0 0 0
1 57 1 54
0 0 0 0
0 0 0 0
1 62 2 216
1 62 1 108
0 0 0 0
1 52 1 52
1 62 1 107
0 0 0 0
0 0 0 0
0 0 0 0
0 0 0 0
0 0 0 0
0 0 0 0
0 0 0 0
0 0 0 0
0 0 0 0
2 188 3 280
2 147 2 144
0 0 0 0
0 0 0 0
0 0 0 0
1 57 1 54
0 0 0 0
13 4378 18 5114
10 1190 13 985
1 62 2 216
0 0 0 0
0 0 0 0
0 0 0 0
0 0 0 0
0 0 0 0
2 189 3 280
0 0 0 0
0 0 0 0
2 190 3 280
0 0 0 0
0 0 0 0
0 0 0 0
0 0 0 0
2 190 3 280
1 57 1 54
0 0 0 0
0 0 0 0
0 0 0 0
3 188 4 428
2 128 2 160
7 946 7 504
0 0 0 0
2 147 2 144
0 0 0 0
1 52 1 52
0 0 0 0
0 0 0 0
2 189 3 280
0 0 0 0
0 0 0 0
22 11255 25 6873
0 0 0 0
0 0 0 0
0 0 0 0
1 57 0 0
0 0 1 54
0 0 0 0
11 7100 15 5886
1 61 1 108
1 61 1 108
1 61 1 107
0 0 0 0
0 0 0 0
16 7539 20 8924
0 0 0 0
0 0 0 0
0 0 0 0
0 0 0 0
0 0 0 0
0 0 0 0
0 0 0 0
2 688 1 61
6 2639 7 2566
2 147 2 144
0 0 0 0
0 0 0 0
0 0 0 0
0 0 0 0
18 7186 21 7983
6 871 7 473
1 68 2 187
1 61 1 108
0 0 0 0
0 0 0 0
0 0 0 0
0 0 0 0
0 0 0 0
0 0 0 0
0 0 0 0
1 52 1 52
0 0 0 0
0 0 0 0
0 0 0 0
0 0 0 0
0 0 0 0
0 0 0 0
1 57 1 54
0 0 0 0
1 61 1 107
2 104 1 52
11 4848 14 6256
9 1068 9 664
3 252 4 324
0 0 0 0
2 147 2 144
0 0 0 0
0 0 0 0
0 0 0 0
0 0 0 0
0 0 0 0
0 0 0 0
0 0 0 0
0 0 0 0
0 0 0 0
0 0 0 0
0 0 0 0
1 57 1 54
0 0 0 0
0 0 0 0
1 61 1 108
0 0 0 0
1 61 1 108
1 61 1 107
0 0 0 0
0 0 0 0
0 0 0 0
0 0 0 0
0 0 0 0
0 0 0 0
0 0 0 0
0 0 0 0
4 1525 5 1610
19 10142 22 9812
0 0 0 0
0 0 0 0
2 147 2 144
0 0 0 0
0 0 0 0
0 0 0 0
8 4743 5 440
10 2469 18 7751
7 942 7 481
2 129 3 297
0 0 0 0
0 0 0 0
1 126 0 0
1 63 3 280
0 0 0 0
0 0 0 0
2 188 3 280
0 0 0 0
0 0 0 0
0 0 0 0
0 0 0 0
2 189 3 280
0 0 0 0
1 57 1 54
0 0 0 0
0 0 0 0
0 0 0 0
1 61 1 107
1 61 1 107
7 934 8 608
0 0 1 54
0 0 0 0
0 0 0 0
2 147 2 144
2 189 3 280
0 0 0 0
0 0 0 0
0 0 0 0
5 439 6 488
0 0 0 0
0 0 0 0
0 0 0 0
0 0 0 0
0 0 0 0
1 57 1 54
0 0 0 0
0 0 0 0
1 61 1 108
0 0 0 0
1 61 2 215
0 0 0 0
0 0 0 0
0 0 0 0
0 0 0 0
0 0 0 0
0 0 0 0
0 0 0 0
0 0 0 0
0 0 0 0
25 10589 24 12053
0 0 0 0
0 0 0 0
0 0 0 0
0 0 0 0
3 204 3 198
0 0 0 0
0 0 0 0
0 0 0 0
16 6841 20 7917
2 334 3 222
6 666 7 554
0 0 0 0
0 0 0 0
0 0 0 0
0 0 0 0
0 0 0 0
0 0 0 0
0 0 0 0
0 0 0 0
0 0 0 0
0 0 0 0
0 0 0 0
0 0 0 0
0 0 0 0
1 57 1 54
0 0 0 0
0 0 0 0
10 4827 12 6087
1 61 1 107
2 192 3 284
7 929 8 580
1 68 2 189
0 0 0 0
0 0 0 0
0 0 0 0
2 147 2 144
3 681 1 60
48 45241 26 14090
1045 1517340 609 33032
943 1369236 666 36360
1061 1540572 639 34628
1029 1494108 610 33244
1056 1533312 639 34716
1044 1515888 613 33304
726 1053208 472 25644
1 57 1 54
18 9586 19 7632
14 889 16 10677
1 52 1 52
2 123 2 216
3 190 3 324
0 0 0 0
0 0 0 0
0 0 0 0
0 0 0 0
0 0 0 0
0 0 0 0
0 0 0 0
0 0 0 0
13 4206 16 6073
0 0 0 0
0 0 0 0
0 0 0 0
0 0 0 0
0 0 0 0
0 0 0 0
2 147 2 144
2 192 3 280
0 0 0 0
0 0 0 0
19 5230 26 5624
2 123 2 216
0 0 0 0
2 189 3 280
0 0 0 0
0 0 0 0
0 0 0 0
2 188 3 280
0 0 0 0
0 0 0 0
0 0 0 0
0 0 0 0
2 189 3 280
0 0 0 0
0 0 0 0
0 0 0 0
1 57 1 54
0 0 0 0
0 0 0 0
0 0 0 0
1 61 1 107
11 1189 11 824
0 0 0 0
1 52 1 52
0 0 0 0
0 0 0 0
0 0 0 0
2 147 2 144
0 0 0 0
0 0 0 0
0 0 0 0
0 0 0 0
0 0 0 0
0 0 0 0
0 0 0 0
0 0 0 0
1 57 1 54
0 0 0 0
0 0 0 0
0 0 0 0
0 0 0 0
3 183 3 323
0 0 0 0
0 0 0 0
0 0 0 0
0 0 0 0
0 0 0 0
0 0 0 0
0 0 0 0
0 0 0 0
0 0 0 0
0 0 0 0
0 0 0 0
0 0 0 0
0 0 0 0
4 440 4 1218
0 0 0 0
0 0 0 0
2 147 2 144
0 0 0 0
0 0 0 0
10 4176 15 4865
11 1190 14 1016
0 0 0 0
0 0 0 0
0 0 0 0
0 0 0 0
0 0 0 0
1 52 1 52
35 12419 38 14014
0 0 0 0
0 0 0 0
0 0 0 0
0 0 0 0
0 0 0 0
0 0 0 0
0 0 0 0
11 6075 14 7428
2 104 1 52
2 192 3 282
0 0 0 0
0 0 0 0
3 183 3 323
0 0 0 0
0 0 0 0
0 0 0 0
0 0 0 0
0 0 0 0
0 0 0 0
2 147 2 144
0 0 0 0
0 0 0 0
0 0 0 0
0 0 0 0
13 8394 17 7249
0 0 0 0
0 0 0 0
1 57 1 54
0 0 0 0
0 0 0 0
0 0 0 0
0 0 0 0
1 61 1 108
1 62 3 324
0 0 0 0
0 0 0 0
0 0 0 0
0 0 0 0
0 0 0 0
0 0 0 0
9 3512 11 4805
0 0 0 0
0 0 0 0
0 0 0 0
0 0 0 0
0 0 0 0
0 0 0 0
25 7096 29 8055
14 2201 17 2221
0 0 0 0
2 147 2 144
0 0 0 0
4 453 4 324
8 1282 12 942
5 605 6 446
0 0 0 0
0 0 0 0
0 0 0 0
2 190 3 280
0 0 0 0
0 0 0 0
0 0 0 0
0 0 0 0
3 251 3 280
0 0 0 0
0 0 0 0
0 0 0 0
0 0 0 0
1 61 1 107
0 0 0 0
0 0 0 0
0 0 0 0
0 0 0 0
1 62 2 214
2 126 2 214
0 0 0 0
0 0 0 0
0 0 0 0
0 0 0 0
17 12090 18 6235
0 0 0 0
2 147 2 144
0 0 0 0
0 0 0 0
10 6485 13 5715
0 0 0 0
0 0 0 0
0 0 0 0
2 130 2 214
0 0 0 0
20 7538 21 8819
12 1975 15 2380
0 0 0 0
2 123 2 216
0 0 0 0
0 0 0 0
5 1339 5 1367
0 0 0 0
0 0 0 0
16 8860 15 5725
0 0 0 0
0 0 0 0
0 0 0 0
0 0 0 0
0 0 0 0
0 0 0 0
0 0 0 0
0 0 0 0
0 0 0 0
7 1157 9 660
0 0 0 0
1 61 1 107
2 147 2 144
12 2510 14 1999
0 0 0 0
0 0 0 0
0 0 0 0
0 0 0 0
0 0 0 0
9 3552 12 4863
5 440 6 437
0 0 0 0
0 0 0 0
0 0 0 0
0 0 0 0
0 0 0 0
0 0 0 0
2 189 3 280
1 57 1 54
3 250 4 386
0 0 0 0
1 61 1 107
0 0 0 0
1 61 1 107
0 0 0 0
0 0 0 0
0 0 0 0
1 52 1 52
0 0 0 0
0 0 0 0
0 0 0 0
0 0 0 0
0 0 0 0
2 147 2 144
0 0 0 0
0 0 0 0
21 1092 3 156
6 312 0 0
7 369 1 54
2 113 1 107
5 260 0 0
0 0 0 0
23 7571 24 11951
222 303711 91 11026
1054 1526217 823 46560
1032 1497064 629 33932
552 801392 380 20576
0 0 0 0
1 52 1 809
44 13341 46 13474
0 0 0 0
11 3643 12 4862
0 0 0 0
2 104 0 0
1 52 0 0
0 0 0 0
0 0 0 0
0 0 0 0
0 0 0 0
3 252 4 326
1 61 1 107
0 0 0 0
0 0 0 0
3 249 4 387
2 147 2 144
2 113 1 107
2 104 0 0
0 0 0 0
0 0 0 0
2 189 3 280
2 104 0 0
1 52 0 0
0 0 0 0
0 0 0 0
2 189 3 280
0 0 0 0
0 0 0 0
0 0 0 0
0 0 0 0
0 0 0 0
2 118 2 162
0 0 0 0
0 0 0 0
0 0 0 0
1 61 1 107
0 0 0 0
1 61 1 108
0 0 0 0
0 0 0 0
0 0 0 0
0 0 0 0
0 0 0 0
0 0 0 0
0 0 0 0
0 0 0 0
3 199 2 144
2 104 0 0
0 0 0 0
0 0 0 0
14 6879 17 7675
21 3048 23 2611
8 1168 11 1736
0 0 0 0
0 0 0 0
8 943 10 758
2 104 0 0
0 0 0 0
0 0 0 0
0 0 0 0
1 52 0 0
0 0 0 0
0 0 0 0
0 0 0 0
0 0 0 0
0 0 0 0
0 0 0 0
0 0 0 0
0 0 0 0
0 0 0 0
2 114 1 55
0 0 0 0
1 62 1 107
1 62 1 107
0 0 0 0
1 62 1 107
0 0 0 0
2 147 2 144
0 0 0 0
0 0 0 0
0 0 0 0
0 0 0 0
0 0 0 0
0 0 0 0
0 0 0 0
0 0 0 0
17 10793 19 8116
11 706 12 6695
9 3512 11 4798
0 0 0 0
2 192 3 282
0 0 0 0
0 0 0 0
2 126 2 215
0 0 0 0
0 0 0 0
1 63 1 108
0 0 0 0
0 0 0 0
0 0 0 0
0 0 0 0
0 0 0 0
0 0 0 0
0 0 0 0
0 0 0 0
0 0 0 0
0 0 0 0
0 0 0 0
2 147 2 144
0 0 0 0
0 0 0 0
1 57 1 54
0 0 0 0
16 7005 20 7905
9 1017 9 660
0 0 0 0
7 883 9 650
0 0 0 0
0 0 0 0
0 0 0 0
0 0 0 0
0 0 0 0
0 0 0 0
9 3546 12 4858
0 0 0 0
0 0 0 0
0 0 0 0
0 0 0 0
0 0 0 0
0 0 0 0
0 0 0 0
3 250 4 334
0 0 0 0
1 61 1 106
4 309 5 431
0 0 0 0
1 61 1 107
2 297 1 56
4 489 7 1507
2 147 2 144
0 0 0 0
2 188 3 280
0 0 0 0
0 0 0 0
0 0 0 0
0 0 0 0
2 188 3 280
0 0 0 0
0 0 0 0
0 0 0 0
0 0 0 0
0 0 0 0
3 180 0 0
85 18727 72 55101
31 1603 53 77933
1 61 1 108
0 0 0 0
23 14875 22 8967
0 0 0 0
0 0 0 0
0 0 0 0
1 61 1 60
0 0 0 0
0 0 0 0
0 0 0 0
302 35791 589 833625
426 34520 953 1421371
88 18860 350 385984
190 55521 248 213959
151 23199 746 851372
121 30754 185 168687
132 29926 273 262883
147 22742 169 131171
17 7743 22 7006
22 11421 29 11999
0 0 0 0
32 5845 47 37544
25 13349 27 13097
37 9674 50 39987
1 64 2 165
30 14729 27 10542
0 0 0 0
0 0 0 0
0 0 0 0
0 0 0 0
0 0 0 0
0 0 0 0
0 0 0 0
0 0 0 0
0 0 0 0
15 1156 28 32245
0 0 0 0
0 0 0 0
2 114 1 52
12 1252 14 3202
0 0 0 0
0 0 0 0
2 124 2 210
1 63 1 105
2 104 2 104
0 0 0 0
2 147 2 144
0 0 0 0
0 0 0 0
0 0 0 0
0 0 0 0
0 0 0 0
9 3547 13 6141
2 193 3 282
0 0 0 0
3 248 4 325
2 104 0 0
20 11863 21 6607
1 57 1 52
1 52 1 52
1 60 1 106
3 156 3 156
1 60 1 106
0 0 0 0
1 60 1 106
1 52 1 52
0 0 0 0
0 0 0 0
0 0 0 0
0 0 0 0
0 0 0 0
0 0 0 0
0 0 0 0
1 52 1 52
0 0 0 0
0 0 0 0
0 0 0 0
2 147 2 144
9 5104 9 4348
2 109 2 104
0 0 0 0
12 4227 17 4964
0 0 0 0
9 1047 11 781
1 52 1 52
14 1934 17 2260
0 0 0 0
0 0 0 0
0 0 0 0
12 6110 16 7533
0 0 0 0
0 0 0 0
0 0 0 0
0 0 0 0
0 0 0 0
0 0 0 0
0 0 0 0
3 253 4 325
0 0 0 0
2 189 3 280
2 114 2 105
1 61 2 210
2 104 2 104
1 61 1 105
0 0 0 0
0 0 0 0
5 269 5 313
2 189 3 280
2 147 2 144
0 0 0 0
2 104 2 104
0 0 0 0
2 189 3 280
0 0 0 0
0 0 0 0
0 0 0 0
0 0 0 0
0 0 0 0
1 52 1 52
0 0 0 0
0 0 0 0
3 174 3 211
0 0 0 0
1 61 1 106
0 0 0 0
0 0 0 0
1 61 1 106
0 0 0 0
0 0 0 0
0 0 0 0
0 0 0 0
0 0 0 0
0 0 0 0
0 0 0 0
2 104 2 104
0 0 0 0
0 0 0 0
0 0 0 0
0 0 0 0
2 147 2 144
0 0 0 0
1 57 1 52
13 4039 17 4974
8 3487 12 4859
7 871 9 633
30 19408 32 13629
7 1087 9 631
2 104 2 104
0 0 0 0
0 0 0 0
0 0 0 0
4 208 4 208
0 0 0 0
0 0 0 0
0 0 0 0
2 104 2 104
0 0 0 0
0 0 0 0
0 0 0 0
0 0 0 0
3 252 4 325
1 57 1 53
0 0 0 0
3 175 3 262
0 0 0 0
10 5162 13 5858
1 62 1 105
0 0 0 0
0 0 0 0
0 0 0 0
4 326 4 293
0 0 0 0
3 249 4 325
3 249 3 273
0 0 1 52
2 189 2 228
0 0 1 52
0 0 0 0
2 104 2 104
2 104 2 104
0 0 0 0
1 57 1 53
0 0 0 0
1 61 1 106
0 0 0 0
1 61 1 106
0 0 0 0
1 61 1 106
0 0 0 0
0 0 0 0
0 0 0 0
0 0 0 0
2 104 2 104
0 0 0 0
0 0 0 0
0 0 0 0
4 208 4 208
0 0 0 0
0 0 0 0
0 0 0 0
2 104 2 104
2 147 2 144
1 57 1 53
1 60 2 156
12 5233 15 4816
22 8512 26 7633
4 702 6 419
7 875 9 631
0 0 0 0
0 0 0 0
9 4773 12 6084
0 0 0 0
0 0 0 0
0 0 0 0
0 0 0 0
0 0 0 0
0 0 0 0
0 0 0 0
3 252 4 327
2 189 3 280
0 0 0 0
0 0 0 0
2 114 2 107
0 0 0 0
3 165 3 209
0 0 0 0
1 61 1 105
2 123 2 210
2 190 3 280
0 0 0 0
0 0 0 0
0 0 0 0
2 147 2 144
2 189 3 280
0 0 0 0
0 0 0 0
0 0 0 0
2 104 2 104
2 104 2 177
2 104 2 177
0 0 0 0
7 625 8 1380
0 0 0 0
0 0 0 0
1 61 1 106
2 104 2 104
0 0 0 0
1 61 1 106
1 61 1 106
0 0 0 0
0 0 0 0
4 208 4 354
2 104 2 177
2 104 2 177
4 208 4 354
0 0 0 0
2 104 2 177
2 104 2 177
0 0 0 0
0 0 0 0
0 0 0 0
0 0 0 0
1 57 1 53
2 147 2 144
14 7998 13 4960
31 13835 35 16279
0 0 0 0
0 0 0 0
9 1019 9 642
7 884 9 632
0 0 0 0
0 0 0 0
0 0 0 0
0 0 0 0
0 0 0 0
0 0 0 0
0 0 0 0
0 0 0 0
0 0 0 0
0 0 0 0
0 0 0 0
3 252 4 326
0 0 0 0
0 0 0 0
1 57 1 53
2 123 2 210
0 0 0 0
0 0 0 0
0 0 0 0
2 124 2 212
0 0 0 0
0 0 0 0
2 188 3 280
1 126 0 0
4 270 6 469
0 0 0 0
2 189 3 280
0 0 0 0
0 0 0 0
0 0 0 0
0 0 0 0
0 0 0 0
0 0 0 0
0 0 0 0
1 57 1 53
1 61 1 106
0 0 0 0
0 0 0 0
0 0 0 0
2 122 2 214
14 8490 18 7276
0 0 0 0
0 0 0 0
0 0 0 0
0 0 0 0
0 0 0 0
0 0 0 0
0 0 0 0
0 0 0 0
0 0 0 0
0 0 0 0
0 0 0 0
0 0 0 0
0 0 0 0
22 5036 17 11889
565 797573 342 25741
1061 1539185 665 36451
1054 1530408 646 35396
1025 1488300 630 34604
1062 1542024 736 40000
1060 1516415 679 37652
1007 1451732 650 41408
0 0 14 740
1 52 1 810
0 0 0 0
0 0 0 0
38 13893 47 17449
0 0 0 0
0 0 0 0
4 380 6 509
0 0 0 0
0 0 0 0
0 0 0 0
0 0 0 0
0 0 0 0
0 0 0 0
1 62 1 107
0 0 0 0
0 0 0 0
2 190 3 280
2 124 2 214
0 0 0 0
0 0 0 0
0 0 0 0
2 189 3 280
1 52 0 0
2 147 3 196
0 0 0 0
0 0 0 0
0 0 0 0
0 0 0 0
0 0 0 0
0 0 0 0
0 0 0 0
0 0 0 0
1 57 1 53
1 61 1 107
0 0 0 0
0 0 0 0
0 0 0 0
1 61 1 107
1 61 1 107
0 0 0 0
0 0 0 0
0 0 0 0
0 0 0 0
0 0 0 0
0 0 0 0
0 0 0 0
0 0 0 0
0 0 0 0
0 0 0 0
0 0 0 0
0 0 0 0
0 0 0 0
4 618 4 1173
16 8236 18 7702
3 212 4 314
0 0 0 0
0 0 0 0
0 0 0 0
8 974 9 648
7 902 9 639
0 0 0 0
0 0 0 0
0 0 0 0
0 0 0 0
0 0 0 0
0 0 0 0
0 0 0 0
0 0 0 0
1 52 1 52
0 0 0 0
0 0 0 0
0 0 0 0
0 0 0 0
0 0 0 0
2 123 2 212
0 0 0 0
0 0 0 0
0 0 0 0
0 0 0 0
2 124 2 212
0 0 0 0
10 4828 12 4862
16 8287 16 5487
9 624 13 5591
0 0 0 0
2 147 2 144
0 0 0 0
2 104 1 52
0 0 0 0
0 0 0 0
0 0 0 0
0 0 0 0
0 0 0 0
0 0 0 0
1 63 1 107
0 0 0 0
0 0 0 0
0 0 0 0
0 0 0 0
1 63 2 214
0 0 0 0
0 0 0 0
0 0 0 0
0 0 0 0
4 3496 2 1346
4 2677 8 4279
0 0 0 0
0 0 0 0
0 0 0 0
0 0 0 0
2 179 2 153
0 0 0 0
0 0 0 0
0 0 0 0
1 57 1 53
12 4259 17 4973
2 147 2 144
0 0 0 0
0 0 0 0
13 5187 17 6457
10 1351 12 799
0 0 0 0
0 0 0 0
0 0 0 0
0 0 0 0
0 0 0 0
3 253 4 326
2 189 3 280
0 0 0 0
0 0 0 0
0 0 0 0
0 0 0 0
0 0 0 0
0 0 0 0
0 0 0 0
1 61 1 106
0 0 0 0
2 189 3 280
0 0 0 0
0 0 1 106
2 122 1 106
0 0 0 0
2 189 3 280
0 0 0 0
0 0 0 0
0 0 0 0
0 0 0 0
2 147 2 144
0 0 0 0
0 0 0 0
0 0 0 0
0 0 0 0
0 0 0 0
0 0 0 0
0 0 0 0
1 57 1 53
1 61 1 107
0 0 0 0
0 0 0 0
0 0 0 0
1 61 1 107
1 61 1 107
0 0 0 0
0 0 0 0
0 0 0 0
0 0 0 0
0 0 0 0
0 0 0 0
0 0 0 0
0 0 0 0
0 0 0 0
0 0 0 0
38 19021 37 15012
0 0 0 0
3 560 4 1190
0 0 0 0
6 4554 2 158
11 2499 18 7717
2 147 2 144
0 0 0 0
2 334 2 158
13 1549 16 1106
0 0 0 0
0 0 0 0
0 0 0 0
0 0 0 0
0 0 0 0
0 0 0 0
0 0 0 0
0 0 0 0
0 0 0 0
0 0 0 0
0 0 0 0
0 0 0 0
0 0 0 0
1 57 0 0
0 0 1 53
1 61 1 106
0 0 0 0
0 0 0 0
0 0 0 0
10 3572 12 4910
1 61 1 106
10 878 12 936
0 0 0 0
0 0 0 0
0 0 0 0
0 0 0 0
0 0 0 0
2 147 2 144
0 0 0 0
0 0 0 0
0 0 0 0
0 0 0 0
0 0 0 0
0 0 0 0
0 0 0 0
1 57 1 53
1 61 1 107
1 52 1 52
0 0 0 0
1 61 1 107
0 0 0 0
1 61 1 107
0 0 0 0
0 0 0 0
0 0 0 0
0 0 0 0
0 0 0 0
0 0 0 0
0 0 0 0
1 52 1 52
11 7014 15 5833
0 0 0 0
0 0 0 0
0 0 0 0
0 0 0 0
0 0 0 0
12 4263 17 4980
0 0 0 0
11 3687 15 5057
0 0 0 0
7 908 9 644
2 331 2 158
6 635 8 580
0 0 0 0
3 252 4 325
0 0 0 0
2 188 3 280
0 0 0 0
0 0 0 0
0 0 0 0
0 0 0 0
0 0 0 0
0 0 0 0
0 0 0 0
0 0 0 0
0 0 0 0
3 250 4 386
0 0 0 0
0 0 0 0
0 0 0 0
0 0 0 0
3 250 4 386
2 113 2 158
0 0 0 0
0 0 0 0
0 0 0 0
0 0 0 0
0 0 0 0
0 0 0 0
2 147 2 144
0 0 0 0
0 0 0 0
0 0 0 0
0 0 0 0
0 0 0 0
12 7109 15 5834
1 57 1 53
2 123 2 214
0 0 0 0
0 0 0 0
0 0 0 0
1 62 1 107
1 62 1 107
0 0 0 0
0 0 0 0
16 7548 19 8950
0 0 0 0
0 0 0 0
0 0 0 0
0 0 0 0
0 0 0 0
0 0 0 0
0 0 0 0
0 0 0 0
0 0 0 0
0 0 0 0
0 0 0 0
19 7368 21 7970
0 0 0 0
0 0 0 0
2 147 2 144
3 392 3 214
4 510 6 429
7 901 9 643
0 0 0 0
0 0 0 0
0 0 0 0
1 52 1 52
0 0 0 0
0 0 0 0
7 3728 9 4346
0 0 0 0
0 0 0 0
0 0 0 0
0 0 0 0
2 179 2 151
0 0 0 0
1 61 1 106
0 0 0 0
9 4759 13 6147
0 0 0 0
5 440 6 499
6 499 7 594
1 61 1 106
0 0 0 0
0 0 0 0
0 0 0 0
2 104 1 52
0 0 0 0
0 0 0 0
0 0 0 0
2 147 2 144
0 0 0 0
0 0 0 0
0 0 0 0
0 0 0 0
0 0 0 0
1 61 1 107
0 0 0 0
0 0 0 0
0 0 0 0
0 0 0 0
0 0 0 0
1 61 1 107
1 61 1 107
0 0 0 0
0 0 0 0
0 0 0 0
0 0 0 0
0 0 0 0
3 345 4 1190
0 0 0 0
0 0 0 0
0 0 0 0
0 0 0 0
0 0 0 0
0 0 0 0
0 0 0 0
12 4261 17 4978
8 3453 11 4805
0 0 0 0
0 0 0 0
2 147 2 144
0 0 0 0
12 1486 15 1128
5 571 7 485
0 0 0 0
3 313 4 334
0 0 0 0
0 0 0 0
0 0 0 0
0 0 0 0
0 0 0 0
0 0 0 0
0 0 0 0
0 0 0 0
0 0 0 0
3 249 4 326
1 61 1 106
0 0 0 0
0 0 0 0
0 0 0 0
4 375 5 379
0 0 0 0
1 61 1 106
1 61 1 106
98 26189 235 269960
30 14413 36 13583
0 0 0 0
0 0 0 0
0 0 0 0
12 8097 12 7156
113 12956 516 626680
272 67416 765 811312
307 121113 286 188323
82 6367 476 548243
55 5825 381 451897
74 9579 357 395826
248 49543 1084 1273549
392 33793 2988 3703449
73 17479 226 199804
26 3620 32 9454
32 9095 32 24735
0 0 0 0
0 0 0 0
1 61 1 107
2 123 2 214
0 0 0 0
0 0 0 0
0 0 0 0
17 8175 19 5926
25 4063 35 11271
49 8314 54 13622
26 4103 41 10208
33 6396 47 14157
18 3606 21 6474
59 12338 65 20048
49 8722 63 20013
33 8269 42 13049
40 9131 49 14784
39 8341 47 15501
46 9094 46 14737
50 12708 56 18497
44 9062 54 16912
42 10145 49 14624
55 10522 68 20108
11 2939 13 2214
3 190 7 1657
0 0 0 0
0 0 0 0
0 0 0 0
0 0 0 0
0 0 0 0
0 0 0 0
0 0 0 0
0 0 0 0
0 0 0 0
0 0 0 0
1 52 1 52
0 0 0 0
11 4852 14 6257
1 57 1 54
4 296 5 384
0 0 0 0
19 12770 20 7622
0 0 0 0
3 156 0 0
3 184 6 480
0 0 0 0
0 0 0 0
0 0 0 0
4 637 5 1312
0 0 0 0
1 62 2 136
0 0 0 0
2 147 2 144
0 0 0 0
0 0 0 0
0 0 0 0
0 0 0 0
0 0 0 0
16 7036 21 8040
0 0 0 0
0 0 0 0
0 0 0 0
0 0 0 0
0 0 0 0
6 845 8 602
10 1106 11 702
0 0 0 0
12 1715 13 1921
14 2332 21 3391
0 0 0 0
0 0 0 0
0 0 0 0
0 0 0 0
0 0 0 0
0 0 0 0
0 0 0 0
0 0 0 0
8 3483 12 4859
2 123 3 237
0 0 0 0
1 52 1 52
1 62 1 100
3 252 4 325
2 147 2 144
2 104 2 104
5 435 7 536
0 0 0 0
0 0 0 0
1 62 2 214
3 156 3 156
0 0 0 0
0 0 0 0
0 0 0 0
1 52 1 52
0 0 0 0
3 248 4 325
1 57 1 54
0 0 0 0
2 126 2 216
0 0 0 0
2 189 3 280
0 0 0 0
0 0 0 0
0 0 0 0
0 0 0 0
3 187 3 238
0 0 0 0
0 0 0 0
0 0 0 0
2 130 2 214
0 0 0 0
0 0 0 0
0 0 0 0
0 0 0 0
2 147 2 144
0 0 0 0
0 0 0 0
0 0 0 0
14 5613 19 6338
0 0 0 0
1 57 1 54
0 0 0 0
0 0 0 0
5 1070 6 1498
0 0 1 54
3 385 4 269
5 792 6 434
12 7030 15 5824
0 0 0 0
4 434 2 159
5 790 9 593
0 0 0 0
0 0 0 0
0 0 0 0
16 5227 20 5397
0 0 0 0
0 0 0 0
0 0 0 0
3 170 3 213
0 0 0 0
0 0 0 0
0 0 0 0
0 0 0 0
0 0 0 0
0 0 0 0
2 147 2 144
1 62 2 214
0 0 0 0
0 0 0 0
2 123 2 132
2 126 2 212
0 0 0 0
0 0 0 0
0 0 0 0
0 0 0 0
0 0 0 0
0 0 0 0
0 0 0 0
22 3260 27 3918
2 123 2 216
2 189 3 280
0 0 0 0
0 0 0 0
0 0 0 0
1 57 1 54
0 0 0 0
14 728 7 364
0 0 0 0
0 0 0 0
0 0 0 0
0 0 0 0
1 62 1 107
0 0 0 0
0 0 0 0
0 0 0 0
1 61 1 66
2 147 2 144
0 0 0 0
0 0 0 0
2 126 2 214
8 1190 9 652
0 0 0 0
0 0 0 0
0 0 0 0
0 0 0 0
0 0 0 0
0 0 0 0
15 9126 18 7226
0 0 0 0
2 123 2 300
32 11163 37 12758
1 61 1 107
0 0 0 0
0 0 0 0
0 0 0 0
0 0 0 0
0 0 0 0
0 0 0 0
9 4686 11 4803
1 61 1 107
1 61 1 108
0 0 0 0
0 0 0 0
2 192 3 280
1 57 1 54
0 0 0 0
2 189 3 280
2 147 2 144
0 0 0 0
0 0 0 0
0 0 0 0
0 0 0 0
1 61 1 108
0 0 0 0
0 0 0 0
0 0 0 0
2 190 3 280
0 0 0 0
0 0 0 0
3 180 2 139
13 5545 19 6336
3 250 4 388
0 0 0 0
0 0 0 0
22 8663 25 10560
0 0 0 0
0 0 0 0
0 0 0 0
0 0 0 0
0 0 0 0
0 0 0 0
0 0 0 0
1 61 1 108
0 0 0 0
1 57 1 54
0 0 0 0
0 0 0 0
0 0 0 0
2 147 2 144
0 0 0 0
1 61 1 107
7 1130 9 655
0 0 0 0
0 0 0 0
1 61 1 65
0 0 0 0
0 0 0 0
21 8977 18 6714
0 0 0 0
0 0 0 0
4 989 6 1401
0 0 0 0
0 0 0 0
8 1197 9 659
0 0 0 0
0 0 0 0
0 0 0 0
0 0 0 0
0 0 0 0
0 0 0 0
0 0 0 0
1 61 2 215
0 0 0 0
0 0 0 0
0 0 0 0
1 57 1 54
0 0 0 0
0 0 0 0
0 0 0 0
2 147 2 144
0 0 0 0
0 0 0 0
0 0 0 0
0 0 0 0
1 61 1 107
1 61 1 66
0 0 0 0
0 0 0 0
0 0 0 0
20 4934 22 7286
15 2156 17 2111
29 5789 33 7885
31 5713 46 13454
30 6819 34 10825
50 13748 55 18356
48 12107 63 20207
20 4424 20 5866
14 1427 16 4132
0 0 0 0
0 0 0 0
67 19488 183 231428
5 313 36 42839
0 0 0 0
1 52 1 52
1 62 2 216
0 0 0 0
14 8608 16 7250
0 0 0 0
0 0 0 0
0 0 0 0
3 209 3 251
0 0 0 0
2 126 2 214
0 0 0 0
0 0 0 0
1 57 1 54
21 12931 24 10276
17 7831 18 7855
61 67096 35 3827
31 6145 30 8309
0 0 0 0
1 62 4 1322
21 5275 29 23558
10 1188 13 7622
4 250 4 1319
2 125 2 175
9 1037 9 4282
10 1213 10 5804
0 0 0 0
9 1116 11 3358
2 131 2 214
18 5070 16 6924
3 1166 2 165
9 866 10 3521
0 0 0 0
0 0 0 0
0 0 0 0
2 192 3 285
0 0 0 0
0 0 0 0
1 57 1 54
2 147 2 144
0 0 0 0
0 0 0 0
0 0 0 0
1 66 1 108
0 0 0 0
2 192 3 285
1 52 1 52
0 0 0 0
29 3828 30 6578
4 246 4 1096
11 1427 13 1984
6 881 6 3562
9 1201 9 4253
0 0 0 0
0 0 0 0
0 0 0 0
0 0 0 0
0 0 0 0
0 0 0 0
0 0 0 0
0 0 0 0
26 22115 22 6507
0 0 0 0
0 0 0 0
8 1232 9 658
1 57 1 54
0 0 0 0
0 0 0 0
0 0 0 0
1 62 2 216
3 209 3 252
0 0 0 0
0 0 0 0
0 0 0 0
11 8502 12 4402
660 827977 123 15641
1187 1514683 150 8115
450 573099 62 3338
1 61 1 123
28 8072 35 16316
0 0 0 0
18 2380 18 7192
4 251 5 2850
0 0 0 0
1 64 1 108
14 1885 15 4779
0 0 0 0
5 3992 1 57
862 1089897 107 10670
1188 1515610 149 8084
1191 1518226 148 8055
1203 1528236 158 9909
1189 1516865 147 7926
1191 1519429 148 7970
1179 1504097 152 8262
1207 1540534 141 7599
1159 1472824 152 8602
101 125452 23 1256
19 2076 18 6520
27 3745 24 5996
21 1891 27 10463
2 147 2 144
0 0 0 0
22 2475 22 7614
4 497 4 866
6 3723 3 273
6 884 6 2451
12 3736 16 6606
0 0 0 0
2 192 3 282
1 62 1 108
3 166 2 160
12 6158 11 4313
0 0 0 0
0 0 0 0
5 3220 5 674
0 0 0 0
68 17107 60 35228
447 164187 596 510074
141 44160 205 153990
119 20813 237 249523
105 43151 102 56971
158 55343 182 131854
23 8857 25 16529
3 1989 1 55
7 947 8 1797
88 35745 59 11849
74 27012 61 33310
78 58466 52 29861
22 7811 28 5856
1 61 1 108
0 0 0 0
1 61 1 108
1 57 1 54
0 0 0 0
6 1020 8 1464
0 0 0 0
0 0 0 0
0 0 0 0
0 0 0 0
0 0 0 0
0 0 0 0
0 0 0 0
2 123 2 130
0 0 0 0
0 0 0 0
1 61 1 108
23 8461 23 15998
27 24981 23 6695
4 279 4 272
8 1377 9 859
2 129 3 245
7 941 9 652
0 0 0 0
4 2163 4 2274
2 2556 0 0
35 6255 39 24527
0 0 0 0
1 57 1 54
0 0 0 0
0 0 0 0
0 0 0 0
0 0 0 0
0 0 0 0
0 0 0 0
0 0 0 0
2 188 3 280
9 1065 11 771
0 0 0 0
0 0 0 0
1 61 1 107
2 188 3 280
0 0 0 0
5 269 5 315
0 0 0 0
0 0 0 0
0 0 0 0
47 18667 50 26754
392 68834 738 850234
31 17762 32 9321
9 2341 15 10940
0 0 0 0
7 2948 8 4177
0 0 0 0
0 0 0 0
0 0 0 0
18 12042 18 6408
1 61 1 107
0 0 0 0
0 0 0 0
0 0 0 0
1 62 2 216
17 6353 18 7619
2 126 2 216
0 0 0 0
12 8251 17 7148
0 0 0 0
0 0 0 0
0 0 0 0
0 0 0 0
0 0 0 0
0 0 0 0
1 52 1 52
0 0 0 0
0 0 0 0
0 0 0 0
0 0 0 0
3 187 3 270
18 8673 14 4851
3 227 2 128
1 52 2 144
10 4886 13 5769
4 918 6 565
8 1002 7 482
1 68 2 175
0 0 0 0
0 0 0 0
0 0 0 0
1 52 1 52
11 6107 15 7490
1 61 1 65
0 0 0 0
0 0 0 0
0 0 0 0
0 0 0 0
4 2064 4 610
16 3275 14 8056
8 964 9 568
4 321 7 572
0 0 0 0
2 189 3 280
1 61 1 107
1 62 1 107
1 62 1 107
0 0 0 0
1 57 1 54
0 0 0 0
0 0 0 0
7 2756 5 369
2 132 2 128
7 1348 8 1611
0 0 0 0
0 0 0 0
3 2044 1 55
4 486 4 660
0 0 0 0
85 39935 71 32253
10 1362 14 1319
6 3187 5 466
0 0 0 0
0 0 0 0
12 7009 9 1463
4 332 4 471
0 0 0 0
1 63 1 108
20 9430 21 8593
6 2294 7 2707
0 0 0 0
0 0 0 0
36 12313 42 31912
375 41996 609 827276
58 24424 84 74022
0 0 0 0
1 52 0 0
0 0 1 52
0 0 0 0
0 0 0 0
0 0 0 0
8 5973 6 469
5 384 6 516
2 147 2 144
0 0 0 0
10 4761 6 368
7 1022 17 6176
0 0 0 0
7 938 9 649
0 0 0 0
2 189 3 280
0 0 0 0
16 990 5 260
0 0 0 0
0 0 0 0
0 0 0 0
7 3838 8 4104
3 185 5 872
8 416 4 208
0 0 0 0
2 189 3 280
14 6398 14 6029
0 0 0 0
9 1486 12 857
0 0 0 0
2 189 3 280
1 61 1 107
0 0 0 0
1 61 1 107
1 61 1 65
9 4291 12 4958
12 7268 10 3903
2 132 2 128
3 199 3 196
0 0 0 0
0 0 0 0
3 2056 1 55
2 122 3 406
13 7323 16 7085
0 0 0 0
4 2112 4 392
9 6094 5 559
1 64 2 318
2 118 2 161
1 57 1 54
0 0 0 0
1 61 1 108
3 2038 1 55
11 1513 14 3191
4 2108 2 163
4 231 5 846
6 3655 3 488
1 64 2 201
0 0 0 0
0 0 0 0
1 61 1 65
0 0 0 0
0 0 0 0
0 0 0 0
0 0 0 0
0 0 0 0
5 3198 4 251
2 132 2 128
25 10528 22 9305
1 61 1 108
0 0 0 0
0 0 0 0
7 1155 9 648
0 0 0 0
7 935 9 648
2 109 2 106
0 0 0 0
0 0 0 0
9 3542 11 4804
0 0 0 0
0 0 0 0
0 0 0 0
0 0 0 0
0 0 0 0
1 61 1 65
0 0 0 0
0 0 0 0
2 192 3 282
0 0 0 0
3 245 4 334
7 926 9 648
0 0 0 0
1 61 1 107
0 0 0 0
1 61 1 107
0 0 0 0
13 7654 11 3966
2 132 2 128
2 147 2 144
1 57 1 54
2 104 2 104
0 0 0 0
0 0 0 0
0 0 0 0
0 0 0 0
14 4668 14 4572
7 1765 9 825
0 0 0 0
0 0 0 0
1 57 1 54
1 61 1 107
0 0 0 0
0 0 0 0
1 61 1 108
2 122 2 173
0 0 0 0
0 0 0 0
0 0 0 0
0 0 0 0
0 0 0 0
1 52 1 52
20 4927 16 11829
258 370610 137 9042
1057 1534764 727 40376
1031 1497012 648 35812
1050 1524600 619 33424
652 930679 454 28936
5 1050 5 484
7 517 9 2389
1 57 0 0
0 0 1 54
1 61 1 108
0 0 0 0
11 6236 14 7348
5 803 6 569
23 11615 23 8378
8 506 15 5727
2 190 3 280
0 0 0 0
0 0 0 0
0 0 0 0
0 0 0 0
1 57 1 54
0 0 0 0
0 0 0 0
2 104 2 104
2 189 3 280
0 0 0 0
0 0 0 0
0 0 0 0
2 114 2 109
2 189 3 280
8 1176 9 653
1 52 1 52
2 122 2 174
4 2127 4 677
10 6986 7 572
2 132 2 128
2 147 2 144
23 12833 30 14705
0 0 0 0
0 0 0 0
0 0 0 0
0 0 0 0
0 0 0 0
1 52 1 52
0 0 0 0
0 0 0 0
0 0 0 0
1 57 1 54
0 0 0 0
4 759 5 1275
1 61 1 107
5 662 4 1195
0 0 1 52
1 61 1 108
1 61 1 108
0 0 0 0
0 0 0 0
0 0 0 0
0 0 0 0
1 61 1 65
0 0 0 0
0 0 0 0
0 0 0 0
0 0 0 0
8 4693 9 3742
5 2195 3 183
14 5136 18 6321
0 0 0 0
2 104 2 104
1 57 1 54
1 61 1 108
1 64 2 377
0 0 0 0
15 5735 18 6561
16 4822 17 6166
5 558 7 496
35 12354 34 12546
9 3550 12 4860
0 0 0 0
0 0 0 0
0 0 0 0
0 0 0 0
0 0 0 0
2 104 2 177
0 0 0 0
1 61 1 65
2 193 3 282
0 0 0 0
2 188 3 280
0 0 0 0
1 61 1 107
0 0 0 0
0 0 0 0
1 61 1 108
7 2307 5 369
3 193 3 236
2 147 2 144
1 52 1 52
0 0 0 0
0 0 0 0
1 57 0 0
0 0 1 54
0 0 0 0
13 3598 14 5854
0 0 0 0
0 0 0 0
0 0 0 0
0 0 0 0
0 0 0 0
0 0 0 0
1 57 1 54
1 61 1 108
1 61 1 66
1 52 1 52
1 61 1 108
1 61 1 108
0 0 0 0
0 0 0 0
0 0 0 0
0 0 0 0
1 52 1 52
0 0 0 0
0 0 0 0
0 0 0 0
13 4915 13 4088
2 132 2 128
2 147 2 144
10 3569 12 4856
0 0 0 0
0 0 0 0
1 57 0 0
0 0 1 54
17 5909 18 6641
0 0 0 0
7 895 9 650
2 329 3 216
8 820 9 720
0 0 0 0
4 986 6 1647
0 0 0 0
0 0 0 0
0 0 0 0
1 52 1 52
0 0 0 0
0 0 0 0
2 189 3 280
0 0 0 0
0 0 0 0
0 0 0 0
1 52 1 52
3 245 4 334
0 0 0 0
1 61 1 107
1 57 1 54
3 176 2 170
14 7202 17 6123
3 208 3 251
0 0 0 0
1 52 1 52
0 0 0 0
0 0 0 0
0 0 0 0
1 61 1 75
0 0 0 0
0 0 0 0
0 0 0 0
39 8596 46 14799
70 23477 74 25732
14 2655 20 6501
22 9869 29 12374
1 59 2 103
23 10062 18 9747
4 2479 5 1314
2 126 2 216
9 5980 7 1552
59 16891 53 38774
95 11665 222 270792
0 0 0 0
0 0 0 0
0 0 0 0
0 0 0 0
3 1032 2 4997
0 0 0 0
1 57 1 54
3 845 3 200
2 132 2 128
2 147 2 144
28 24658 14 3248
0 0 0 0
0 0 0 0
0 0 0 0
0 0 0 0
0 0 0 0
16 7041 21 8014
0 0 0 0
1 52 1 52
11 1123 14 1030
13 1821 19 2555
10 4824 12 6080
0 0 0 0
0 0 0 0
0 0 0 0
0 0 0 0
8 1292 7 4953
0 0 0 0
5 1073 5 1266
2 104 2 128
2 192 3 284
0 0 0 0
2 188 3 280
0 0 0 0
0 0 0 0
1 57 1 54
1 62 2 214
1 52 1 63
3 184 3 180
4 273 4 358
0 0 0 0
1 64 1 107
1 52 1 52
0 0 0 0
12 7274 12 5805
0 0 0 0
10 3435 13 5832
1 52 1 52
0 0 0 0
0 0 0 0
1 62 2 136
0 0 0 0
0 0 0 0
0 0 0 0
5 2498 4 1435
0 0 0 0
1 57 1 54
3 165 3 236
0 0 0 0
1 62 2 216
0 0 0 0
1 62 1 108
1 52 1 52
0 0 0 0
0 0 0 0
1 57 1 54
0 0 0 0
19 7190 16 8208
17 8454 18 7704
38 5906 23 12328
748 1077879 525 30175
1078 1547311 700 42229
1032 1498464 643 35952
1058 1530616 653 35664
1056 1531912 651 35456
996 1444764 616 33745
3 161 14 766
13 6339 15 8120
40 11226 46 12202
0 0 0 0
3 253 4 387
1 61 1 107
0 0 0 0
1 52 1 52
2 104 0 0
5 2174 4 614
1 52 0 0
10 4267 14 5746
0 0 0 0
2 189 3 280
7 1095 6 1159
6 370 11 5121
2 104 2 104
0 0 0 0
2 189 3 280
0 0 0 0
0 0 0 0
4 856 4 263
4 255 4 344
4 251 2 144
1 61 1 65
2 124 2 216
2 104 1 52
0 0 0 0
16 7238 18 6401
5 3331 5 2446
3 900 3 246
9 5995 8 1781
0 0 0 0
0 0 0 0
0 0 0 0
0 0 0 0
1 52 1 52
0 0 0 0
61 26880 55 26552
94 29108 102 49222
2 109 2 106
12 12690 7 468
0 0 0 0
8 5820 7 874
1 52 1 40
2 118 2 162
1 61 1 108
0 0 0 0
0 0 0 0
0 0 0 0
0 0 0 0
8 7750 5 301
4 236 2 128
9 4939 8 3802
6 2356 5 494
0 0 0 0
1 52 1 52
1 61 1 66
12 4283 10 1032
3 185 4 575
1 57 1 54
11 6181 7 830
0 0 0 0
0 0 0 0
12 4272 17 5008
1 52 0 0
18 4594 20 5477
65 20188 60 22324
45 4744 58 62553
0 0 0 0
0 0 0 0
35 40595 18 1323
6 3411 6 583
2 104 2 92
0 0 0 0
45 10215 44 12516
0 0 0 0
2 188 3 280
0 0 0 0
5 3343 3 343
0 0 1 53
31 27452 16 1603
3 189 3 182
57 21320 73 52600
21 3206 27 13886
6 2315 5 524
12 5155 14 6559
29 16301 29 14623
26 8477 27 11713
0 0 0 0
3 310 3 466
20 19475 8 2753
0 0 0 0
3 221 3 313
1 61 1 150
27 8993 28 12981
6 610 6 1081
0 0 0 0
4 633 4 1209
14 1621 16 4904
0 0 0 0
0 0 0 0
1 52 1 52
5 2265 4 617
0 0 0 0
1 61 1 108
1 52 1 52
2 123 3 324
0 0 0 0
1 57 1 54
0 0 0 0
22 21833 7 694
2 132 2 128
0 0 0 0
3 199 3 196
0 0 0 0
10 4828 13 6150
0 0 0 0
2 113 2 118
29 20321 11 9625
54 14179 72 46511
14 10591 8 1013
2 109 2 106
0 0 0 0
0 0 0 0
10 4947 12 4497
8 1472 10 2392
13 1761 15 1102
0 0 0 0
0 0 0 0
1 52 1 52
0 0 0 0
0 0 0 0
1 57 1 54
3 240 4 332
0 0 0 0
0 0 0 0
0 0 0 0
0 0 0 0
2 189 3 280
0 0 0 0
8 6186 4 368
3 189 3 182
0 0 0 0
2 147 2 144
0 0 0 0
10 4346 12 5703
1 52 1 52
2 122 2 214
14 5533 15 6414
0 0 0 0
13 4294 15 5826
1 52 1 52
0 0 0 0
0 0 0 0
18 11147 18 6422
0 0 0 0
15 6412 17 7671
0 0 0 0
1 52 1 52
0 0 0 0
1 57 1 54
0 0 0 0
4 218 4 286
0 0 0 0
1 52 1 52
0 0 0 0
4 227 4 320
9 5773 7 1435
2 124 2 216
11 5627 17 6671
22 10884 19 6113
2 132 2 128
0 0 0 0
2 147 2 144
0 0 0 0
0 0 0 0
0 0 0 0
0 0 0 0
1 52 1 52
0 0 0 0
0 0 0 0
0 0 0 0
0 0 0 0
1 57 1 54
1 57 0 0
0 0 1 54
23 9239 30 11151
0 0 0 0
12 1431 12 883
5 573 7 473
0 0 0 0
0 0 0 0
0 0 0 0
1 52 1 52
0 0 0 0
2 192 3 280
2 104 2 104
3 248 4 324
1 62 2 132
0 0 0 0
3 1415 2 225
2 132 2 128
16 11025 18 8601
4 256 4 250
0 0 0 0
6 2884 7 4129
1 61 1 107
0 0 0 0
0 0 0 0
12 3536 14 4219
0 0 0 0
3 156 3 156
0 0 0 0
1 57 1 54
0 0 0 0
1 52 1 52
0 0 0 0
4 628 4 1213
0 0 0 0
7 626 9 715
10 6155 9 3624
3 195 3 628
0 0 0 0
2 114 2 130
0 0 1 52
0 0 0 0
0 0 0 0
2 123 2 216
0 0 0 0
1 62 1 108
6 3867 5 465
2 132 2 128
1 52 1 52
2 147 2 144
0 0 0 0
0 0 0 0
2 190 3 280
0 0 0 0
1 57 1 54
0 0 0 0
1 52 1 52
0 0 0 0
0 0 0 0
0 0 0 0
3 161 3 146
2 190 3 280
0 0 0 0
14 5684 16 6390
16 2412 18 2318
7 911 10 1727
22 6359 23 4699
6 644 9 631
0 0 0 0
0 0 0 0
2 190 3 280
1 52 1 52
3 156 3 156
0 0 0 0
0 0 0 0
3 250 4 325
12 5558 12 3990
2 132 2 128
0 0 0 0
2 147 2 144
0 0 0 0
2 114 2 108
0 0 0 0
12 7312 15 5928
15 5588 17 6703
1 52 1 52
5 2150 4 461
1 62 1 107
0 0 0 0
0 0 0 0
0 0 0 0
1 62 2 132
0 0 0 0
24 14983 21 8796
0 0 0 0
0 0 0 0
