2 188 3 280
0 0 0 0
8 3534 11 4417
6 645 6 567
0 0 0 0
0 0 0 0
0 0 0 0
0 0 0 0
0 0 0 0
0 0 0 0
0 0 0 0
0 0 0 0
0 0 0 0
0 0 0 0
0 0 0 0
22 13405 22 7902
0 0 0 0
0 0 0 0
0 0 0 0
0 0 0 0
0 0 0 0
0 0 0 0
0 0 0 0
1 61 1 106
0 0 0 0
0 0 0 0
0 0 0 0
0 0 0 0
0 0 0 0
0 0 0 0
0 0 0 0
0 0 0 0
0 0 0 0
0 0 0 0
0 0 0 0
0 0 0 0
0 0 0 0
0 0 0 0
1 57 1 53
0 0 0 0
0 0 0 0
0 0 0 0
0 0 0 0
1 61 1 107
0 0 0 0
0 0 0 0
0 0 0 0
0 0 0 0
0 0 0 0
0 0 0 0
0 0 0 0
0 0 0 0
0 0 0 0
0 0 0 0
0 0 0 0
0 0 0 0
0 0 0 0
0 0 0 0
1 57 1 53
0 0 0 0
0 0 0 0
0 0 0 0
0 0 0 0
0 0 0 0
18 7041 18 7724
1 68 2 175
0 0 0 0
0 0 0 0
0 0 0 0
0 0 0 0
0 0 0 0
0 0 0 0
0 0 0 0
0 0 0 0
0 0 0 0
0 0 0 0
0 0 0 0
0 0 0 0
0 0 0 0
1 57 1 53
0 0 0 0
0 0 0 0
0 0 0 0
0 0 0 0
0 0 0 0
1 61 1 106
0 0 0 0
0 0 0 0
0 0 0 0
0 0 0 0
0 0 0 0
0 0 0 0
0 0 0 0
0 0 0 0
0 0 0 0
0 0 0 0
0 0 0 0
0 0 0 0
0 0 0 0
0 0 0 0
1 57 1 53
0 0 0 0
0 0 0 0
9 3514 11 4801
0 0 0 0
1 129 0 0
2 124 4 387
0 0 0 0
0 0 0 0
0 0 0 0
0 0 0 0
0 0 0 0
0 0 0 0
0 0 0 0
0 0 0 0
0 0 0 0
0 0 0 0
0 0 0 0
0 0 0 0
0 0 0 0
1 126 0 0
3 180 5 378
0 0 0 0
0 0 0 0
0 0 0 0
0 0 0 0
16 6811 19 7837
0 0 1 53
0 0 0 0
0 0 0 0
0 0 0 0
0 0 0 0
0 0 0 0
0 0 0 0
0 0 0 0
0 0 0 0
0 0 0 0
0 0 0 0
0 0 0 0
0 0 0 0
0 0 0 0
1 57 1 53
0 0 0 0
0 0 0 0
0 0 0 0
0 0 0 0
1 61 1 106
0 0 0 0
0 0 0 0
0 0 0 0
0 0 0 0
0 0 0 0
0 0 0 0
0 0 0 0
0 0 0 0
0 0 0 0
0 0 0 0
0 0 0 0
0 0 0 0
0 0 0 0
0 0 0 0
1 57 1 53
0 0 0 0
0 0 0 0
0 0 0 0
0 0 0 0
0 0 0 0
2 123 2 214
0 0 0 0
0 0 0 0
0 0 0 0
0 0 0 0
0 0 0 0
0 0 0 0
0 0 0 0
0 0 0 0
0 0 0 0
0 0 0 0
0 0 0 0
0 0 0 0
0 0 0 0
0 0 0 0
1 57 1 53
0 0 0 0
0 0 0 0
0 0 0 0
0 0 0 0
12 4048 17 4990
0 0 0 0
0 0 0 0
0 0 0 0
0 0 0 0
0 0 0 0
0 0 0 0
0 0 0 0
4 409 4 1202
0 0 0 0
0 0 0 0
0 0 0 0
0 0 0 0
0 0 0 0
0 0 0 0
0 0 0 0
0 0 0 0
0 0 0 0
0 0 0 0
0 0 0 0
0 0 0 0
1 61 1 106
0 0 0 0
0 0 0 0
0 0 0 0
0 0 0 0
0 0 0 0
0 0 0 0
0 0 0 0
0 0 0 0
0 0 0 0
0 0 0 0
0 0 0 0
0 0 0 0
0 0 0 0
0 0 0 0
1 57 1 53
9 3512 11 4806
0 0 0 0
1 129 0 0
1 63 3 282
2 123 2 214
0 0 0 0
0 0 0 0
0 0 0 0
0 0 0 0
0 0 0 0
0 0 0 0
0 0 0 0
0 0 0 0
0 0 0 0
0 0 0 0
0 0 0 0
0 0 0 0
0 0 0 0
2 188 3 280
1 57 1 53
0 0 0 0
0 0 0 0
0 0 0 0
0 0 0 0
0 0 0 0
12 4266 17 4989
0 0 0 0
0 0 0 0
0 0 0 0
0 0 0 0
0 0 0 0
0 0 0 0
0 0 0 0
0 0 0 0
0 0 0 0
0 0 0 0
0 0 0 0
0 0 0 0
0 0 0 0
0 0 0 0
1 57 1 53
0 0 0 0
0 0 0 0
0 0 0 0
0 0 0 0
1 61 1 106
0 0 0 0
0 0 0 0
0 0 0 0
0 0 0 0
0 0 0 0
0 0 0 0
0 0 0 0
0 0 0 0
0 0 0 0
0 0 0 0
0 0 0 0
0 0 0 0
0 0 0 0
0 0 0 0
1 57 1 53
0 0 0 0
0 0 0 0
0 0 0 0
0 0 0 0
1 61 1 107
0 0 0 0
0 0 0 0
0 0 0 0
0 0 0 0
0 0 0 0
0 0 0 0
0 0 0 0
0 0 0 0
0 0 0 0
0 0 0 0
0 0 0 0
0 0 0 0
0 0 0 0
0 0 0 0
1 57 1 53
0 0 0 0
0 0 0 0
0 0 0 0
0 0 0 0
0 0 0 0
6 4555 2 158
7 774 17 6170
0 0 0 0
0 0 0 0
0 0 0 0
0 0 0 0
0 0 0 0
0 0 0 0
0 0 0 0
0 0 0 0
0 0 0 0
0 0 0 0
0 0 0 0
0 0 0 0
0 0 0 0
0 0 0 0
1 57 1 53
0 0 0 0
0 0 0 0
0 0 0 0
0 0 0 0
1 61 1 106
0 0 0 0
0 0 0 0
0 0 0 0
0 0 0 0
0 0 0 0
0 0 0 0
0 0 0 0
0 0 0 0
0 0 0 0
0 0 0 0
0 0 0 0
0 0 0 0
4 3164 0 0
4 322 12 4861
1 57 1 53
1 128 0 0
2 123 4 326
0 0 0 0
0 0 0 0
0 0 0 0
1 61 1 107
0 0 0 0
0 0 0 0
0 0 0 0
0 0 0 0
0 0 0 0
0 0 0 0
0 0 0 0
0 0 0 0
0 0 0 0
0 0 0 0
2 188 3 280
0 0 0 0
0 0 0 0
0 0 0 0
1 57 1 53
0 0 0 0
0 0 0 0
14 4451 18 9149
13 1237 20 19133
24 11850 31 13142
0 0 0 0
0 0 0 0
5 2325 4 1303
0 0 0 0
113 9699 569 722207
0 0 0 0
4 3034 4 440
27 9497 30 13703
60 7819 90 88984
0 0 0 0
0 0 0 0
5 5241 0 0
130 14457 288 342900
10 610 70 84108
18 5696 37 28247
3 1529 4 267
0 0 0 0
1 57 1 54
0 0 0 0
1 61 1 107
0 0 0 0
0 0 0 0
0 0 0 0
0 0 0 0
0 0 0 0
3 864 4 258
0 0 0 0
0 0 0 0
0 0 0 0
0 0 0 0
0 0 0 0
0 0 0 0
0 0 0 0
0 0 0 0
1 57 1 54
2 806 4 257
0 0 0 0
0 0 0 0
0 0 0 0
1 61 1 108
0 0 0 0
0 0 0 0
0 0 0 0
0 0 0 0
0 0 0 0
0 0 0 0
0 0 0 0
0 0 0 0
0 0 0 0
0 0 0 0
0 0 0 0
0 0 0 0
0 0 0 0
0 0 0 0
1 57 1 54
0 0 0 0
0 0 0 0
0 0 0 0
0 0 0 0
0 0 0 0
13 5545 19 6328
0 0 0 0
0 0 0 0
0 0 0 0
0 0 0 0
0 0 0 0
0 0 0 0
0 0 0 0
0 0 0 0
0 0 0 0
0 0 0 0
0 0 0 0
62 6951 126 148997
0 0 0 0
11 6347 14 5933
11 2045 14 1984
7 909 10 1693
0 0 0 0
0 0 0 0
0 0 0 0
0 0 0 0
0 0 0 0
0 0 0 0
0 0 0 0
0 0 0 0
0 0 0 0
0 0 0 0
0 0 0 0
0 0 0 0
0 0 0 0
0 0 0 0
1 57 1 54
0 0 0 0
8 3451 11 4803
0 0 0 0
0 0 0 0
4 313 5 433
0 0 0 0
0 0 0 0
0 0 0 0
0 0 0 0
0 0 0 0
0 0 0 0
0 0 0 0
0 0 0 0
0 0 0 0
0 0 0 0
0 0 0 0
0 0 0 0
0 0 0 0
0 0 0 0
4 305 5 379
0 0 0 0
0 0 0 0
10 6334 11 4530
0 0 0 0
1 61 1 107
0 0 0 0
0 0 0 0
0 0 0 0
0 0 0 0
0 0 0 0
0 0 0 0
0 0 0 0
0 0 0 0
0 0 0 0
0 0 0 0
0 0 0 0
0 0 0 0
0 0 0 0
0 0 0 0
1 57 1 54
0 0 0 0
0 0 0 0
0 0 0 0
12 5456 13 9509
8 7110 6 433
7 2215 17 10092
0 0 0 0
0 0 0 0
0 0 0 0
0 0 0 0
0 0 0 0
0 0 0 0
0 0 0 0
0 0 0 0
0 0 0 0
0 0 0 0
0 0 0 0
0 0 0 0
0 0 0 0
0 0 0 0
1 57 1 54
0 0 0 0
9 5083 11 4528
0 0 0 0
0 0 0 0
1 61 1 106
0 0 0 0
0 0 0 0
0 0 0 0
0 0 0 0
0 0 0 0
0 0 0 0
13 6180 17 6424
0 0 0 0
0 0 0 0
0 0 0 0
0 0 0 0
0 0 0 0
0 0 0 0
0 0 0 0
1 57 1 54
0 0 0 0
0 0 0 0
0 0 0 0
0 0 0 0
2 123 2 214
0 0 0 0
0 0 0 0
0 0 0 0
0 0 0 0
0 0 0 0
0 0 0 0
0 0 0 0
0 0 0 0
0 0 0 0
0 0 0 0
0 0 0 0
0 0 0 0
0 0 0 0
0 0 0 0
1 57 1 54
0 0 0 0
9 4984 11 4532
0 0 0 0
0 0 0 0
0 0 0 0
14 6888 19 6332
0 0 0 0
0 0 0 0
0 0 0 0
0 0 0 0
0 0 0 0
0 0 0 0
0 0 0 0
0 0 0 0
0 0 0 0
0 0 0 0
0 0 0 0
0 0 0 0
0 0 0 0
0 0 0 0
1 57 1 54
9 4686 12 4861
0 0 0 0
0 0 0 0
2 192 3 284
1 61 1 107
0 0 0 0
0 0 0 0
0 0 0 0
0 0 0 0
0 0 0 0
0 0 0 0
0 0 0 0
0 0 0 0
0 0 0 0
0 0 0 0
0 0 0 0
0 0 0 0
0 0 0 0
2 188 3 280
1 57 1 54
11 6461 12 6088
0 0 0 0
0 0 0 0
0 0 0 0
1 61 1 108
0 0 0 0
0 0 0 0
0 0 0 0
0 0 0 0
0 0 0 0
0 0 0 0
0 0 0 0
0 0 0 0
0 0 0 0
0 0 0 0
0 0 0 0
0 0 0 0
0 0 0 0
0 0 0 0
1 57 1 54
0 0 0 0
0 0 0 0
0 0 0 0
0 0 0 0
0 0 0 0
12 6399 17 6160
1 67 2 181
0 0 0 0
0 0 0 0
0 0 0 0
0 0 0 0
0 0 0 0
0 0 0 0
0 0 0 0
0 0 0 0
0 0 0 0
0 0 0 0
0 0 0 0
0 0 0 0
0 0 0 0
13 7738 15 7496
0 0 0 0
0 0 0 0
0 0 0 0
0 0 0 0
1 61 1 107
0 0 0 0
0 0 0 0
0 0 0 0
0 0 0 0
0 0 0 0
0 0 0 0
0 0 0 0
0 0 0 0
0 0 0 0
0 0 0 0
0 0 0 0
0 0 0 0
0 0 0 0
0 0 0 0
1 57 0 0
0 0 1 54
0 0 0 0
0 0 0 0
0 0 0 0
0 0 0 0
1 61 1 108
0 0 0 0
0 0 0 0
0 0 0 0
0 0 0 0
0 0 0 0
0 0 0 0
0 0 0 0
0 0 0 0
0 0 0 0
0 0 0 0
0 0 0 0
0 0 0 0
0 0 0 0
9 5019 12 4587
1 57 1 54
0 0 0 0
0 0 0 0
0 0 0 0
0 0 0 0
12 4048 17 4999
0 0 0 0
0 0 0 0
0 0 0 0
0 0 0 0
0 0 0 0
0 0 0 0
0 0 0 0
0 0 0 0
0 0 0 0
0 0 0 0
39 8135 70 79009
0 0 0 0
11 7783 11 687
11 667 67 81108
17 9099 20 6594
41 7762 53 49847
1 129 0 0
1 63 3 280
0 0 0 0
1 61 1 107
3 893 4 318
4 4147 0 0
1 61 2 110
72 5413 116 136738
61 12509 180 210822
0 0 0 0
0 0 0 0
0 0 0 0
0 0 0 0
60 4806 156 183813
0 0 0 0
18 2195 109 133066
3 248 4 325
0 0 0 0
1 57 0 0
0 0 1 54
0 0 0 0
0 0 0 0
0 0 0 0
0 0 0 0
1 61 1 108
17 6498 20 7241
0 0 0 0
0 0 0 0
0 0 0 0
0 0 0 0
0 0 0 0
0 0 0 0
0 0 0 0
0 0 0 0
0 0 0 0
0 0 0 0
30 9489 77 83920
17 1064 44 51577
0 0 0 0
1 57 1 54
0 0 0 0
0 0 0 0
0 0 0 0
0 0 0 0
0 0 0 0
7 1161 9 695
30 2735 131 156937
0 0 0 0
0 0 0 0
0 0 0 0
0 0 0 0
0 0 0 0
0 0 0 0
0 0 0 0
0 0 0 0
8 6114 21 21384
235 17018 369 450850
0 0 0 0
0 0 0 0
34 11029 29 28359
1 57 1 54
0 0 0 0
0 0 0 0
0 0 0 0
0 0 0 0
1 61 1 107
0 0 0 0
0 0 0 0
0 0 0 0
0 0 0 0
0 0 0 0
0 0 0 0
0 0 0 0
0 0 0 0
0 0 0 0
4 4697 0 0
42 7734 42 35928
0 0 0 0
0 0 0 0
0 0 0 0
1 57 1 54
0 0 0 0
19 11542 18 6265
0 0 0 0
0 0 0 0
1 61 1 108
0 0 0 0
0 0 0 0
0 0 0 0
0 0 0 0
0 0 0 0
0 0 0 0
0 0 0 0
0 0 0 0
0 0 0 0
0 0 0 0
0 0 0 0
0 0 0 0
0 0 0 0
0 0 0 0
1 57 1 54
0 0 0 0
0 0 0 0
0 0 0 0
0 0 0 0
0 0 0 0
14 5578 19 6343
0 0 0 0
0 0 0 0
0 0 0 0
0 0 0 0
0 0 0 0
0 0 0 0
0 0 0 0
0 0 0 0
0 0 0 0
0 0 0 0
0 0 0 0
10 4825 12 6085
0 0 0 0
0 0 0 0
4 308 4 339
0 0 0 0
0 0 0 0
0 0 0 0
0 0 0 0
1 61 1 107
0 0 0 0
0 0 0 0
0 0 0 0
0 0 0 0
0 0 0 0
0 0 0 0
0 0 0 0
0 0 0 0
0 0 0 0
4 312 4 326
19 10908 16 7407
0 0 0 0
0 0 0 0
0 0 0 0
1 57 1 54
0 0 0 0
0 0 0 0
22 5024 19 12066
328 473643 184 11569
1055 1531860 741 40500
1043 1513045 664 36752
1030 1495560 657 36472
1048 1521696 652 35700
1045 1517340 667 36724
1026 1489752 630 34848
1053 1528956 661 36312
1031 1497012 631 34860
1039 1508628 658 36720
1054 1530408 649 35564
1047 1520244 653 35876
1059 1537668 684 37984
1030 1495560 623 34320
1041 1511532 636 34828
1043 1514436 646 35936
1061 1540572 662 36384
1054 1529013 664 36370
1026 1489752 636 35156
1061 1540572 663 36356
1035 1502820 654 36880
1036 1504272 644 35692
1055 1530469 663 36420
1069 1540259 681 42743
1032 1498464 648 36268
1053 1528956 676 37420
1051 1526052 654 36020
1034 1501368 633 35536
1063 1543476 677 37388
1052 1527504 640 35012
1019 1479588 619 34656
1068 1550736 665 36728
1044 1515888 645 35584
1046 1518792 651 35944
1056 1533312 667 36672
1032 1498464 619 34012
1059 1537668 668 36852
1045 1517340 660 36276
1035 1501425 652 36526
1060 1539120 655 35944
1049 1523148 665 36516
1030 1495560 640 35556
1058 1536216 658 36096
1031 1495621 655 36343
1053 1528956 664 36332
1057 1534764 621 33608
999 1450548 620 34092
1075 1560900 636 34584
1034 1501368 639 35300
1042 1512984 652 35600
1057 1534764 658 35928
1022 1483944 611 33876
1062 1542024 658 35852
1027 1491204 644 35512
1053 1528956 669 36864
1051 1526052 646 35356
1032 1498464 618 33952
1035 1502820 648 36124
1044 1514493 642 35458
1061 1540572 660 36160
1054 1530408 651 35544
1051 1526052 632 34312
1037 1505724 631 34712
1030 1494169 619 34184
1057 1534764 677 37388
1057 1534764 652 35588
263 380572 214 11728
0 0 0 0
17 8882 17 8363
15 5900 22 5956
0 0 0 0
0 0 0 0
0 0 0 0
0 0 0 0
16 5899 17 11754
0 0 0 0
0 0 0 0
0 0 0 0
0 0 0 0
0 0 0 0
0 0 0 0
0 0 0 0
13 6352 15 5541
6 1744 7 420
1 61 1 107
0 0 0 0
0 0 0 0
0 0 0 0
43 16677 43 43928
0 0 0 0
0 0 0 0
0 0 0 0
1 79 0 0
8 3453 11 4801
0 0 0 0
0 0 0 0
3 252 4 326
0 0 0 0
1 57 1 54
0 0 0 0
0 0 0 0
0 0 0 0
0 0 0 0
0 0 0 0
1 61 1 108
21 9258 27 23685
0 0 0 0
9 5683 9 4236
149 10434 528 665347
146 65301 263 259405
369 62220 1684 2018496
89 16739 406 489749
117 31243 159 80617
47 18951 65 32007
9 10227 0 0
3 182 10 2083
0 0 0 0
0 0 0 0
0 0 0 0
0 0 0 0
0 0 0 0
0 0 0 0
0 0 0 0
0 0 0 0
15 5779 18 6555
0 0 0 0
0 0 0 0
2 114 2 109
0 0 0 0
0 0 0 0
0 0 0 0
0 0 0 0
1 250 0 0
3 190 4 1212
0 0 0 0
0 0 0 0
0 0 0 0
1 61 1 65
0 0 0 0
0 0 0 0
0 0 0 0
0 0 0 0
0 0 0 0
0 0 0 0
1 62 2 214
0 0 0 0
0 0 0 0
0 0 0 0
0 0 0 0
0 0 0 0
0 0 0 0
0 0 0 0
1 57 1 54
0 0 0 0
0 0 0 0
4 208 0 0
0 0 4 208
0 0 0 0
0 0 0 0
1 57 1 54
2 104 2 104
0 0 0 0
0 0 0 0
0 0 0 0
2 123 2 128
1 61 1 108
0 0 0 0
0 0 0 0
0 0 0 0
0 0 0 0
0 0 0 0
0 0 0 0
0 0 0 0
0 0 0 0
0 0 0 0
20 13449 21 8883
0 0 0 0
0 0 0 0
0 0 0 0
1 57 1 54
1 57 1 54
0 0 0 0
0 0 0 0
0 0 0 0
0 0 0 0
0 0 0 0
15 5782 19 6689
0 0 0 0
0 0 0 0
0 0 0 0
0 0 0 0
0 0 0 0
0 0 0 0
0 0 0 0
1 61 1 64
0 0 0 0
0 0 0 0
0 0 0 0
0 0 0 0
0 0 0 0
0 0 0 0
5 265 5 262
0 0 0 0
0 0 0 0
0 0 0 0
2 104 2 104
1 62 2 214
0 0 0 0
0 0 0 0
1 57 1 54
0 0 0 0
0 0 0 0
0 0 0 0
0 0 0 0
8 3452 11 4797
0 0 0 0
0 0 0 0
3 252 4 326
1 61 1 64
0 0 0 0
0 0 0 0
1 57 1 54
0 0 0 0
0 0 0 0
0 0 0 0
0 0 0 0
0 0 0 0
1 62 2 216
0 0 0 0
1 126 0 0
3 249 4 326
0 0 0 0
0 0 0 0
1 57 1 54
0 0 0 0
0 0 0 0
0 0 0 0
0 0 0 0
0 0 0 0
0 0 0 0
5 2407 4 1298
0 0 0 0
0 0 0 0
0 0 0 0
231 23669 420 623618
557 48272 1121 1590159
80 14571 377 414786
165 41808 286 247577
8 1018 8 781
0 0 0 0
29 8956 66 65809
44 13308 61 46278
205 43672 743 845206
143 23049 228 218399
2 182 4 670
25 2055 138 138943
34 9694 41 31294
30 6365 49 29513
18 1986 19 3386
22 7670 22 3237
138 17113 196 226627
47 22395 48 26472
132 16800 326 362478
65 10115 140 145325
10 1192 9 2901
1 57 1 54
0 0 0 0
4 402 4 289
5 1008 6 428
0 0 0 0
0 0 0 0
0 0 0 0
0 0 0 0
0 0 0 0
0 0 0 0
0 0 0 0
0 0 0 0
0 0 0 0
3 889 4 266
0 0 0 0
0 0 0 0
0 0 0 0
0 0 0 0
2 118 2 122
15 6480 18 7535
0 0 0 0
0 0 0 0
0 0 0 0
4 954 5 374
0 0 0 0
0 0 0 0
7 364 7 364
1 52 1 52
0 0 0 0
0 0 0 0
4 208 4 208
0 0 0 0
0 0 0 0
1 57 1 54
1 52 1 52
0 0 0 0
0 0 0 0
0 0 0 0
2 109 2 106
3 892 4 266
0 0 0 0
0 0 0 0
2 104 2 104
1 61 1 65
0 0 0 0
12 4449 18 5098
0 0 0 0
0 0 0 0
0 0 0 0
0 0 0 0
0 0 0 0
0 0 0 0
0 0 0 0
0 0 0 0
0 0 0 0
0 0 0 0
0 0 0 0
0 0 0 0
3 258 3 213
0 0 0 0
1 57 1 54
0 0 0 0
0 0 0 0
2 201 2 159
0 0 0 0
1 61 1 107
0 0 0 0
0 0 0 0
0 0 0 0
5 4438 0 0
5 1567 14 7430
6 312 6 312
1 61 1 65
3 253 4 326
0 0 0 0
6 312 6 312
0 0 0 0
0 0 0 0
0 0 0 0
4 947 5 318
1 57 1 54
0 0 0 0
0 0 0 0
1 52 1 52
0 0 0 0
5 269 5 608
0 0 0 0
5 265 5 408
0 0 0 0
0 0 0 0
8 416 8 640
1 52 1 52
2 116 3 212
0 0 0 0
0 0 0 0
0 0 0 0
0 0 0 0
0 0 1 65
1 61 0 0
0 0 0 0
1 57 1 54
0 0 0 0
0 0 0 0
0 0 0 0
0 0 0 0
0 0 0 0
16 10329 20 6451
7 2124 12 4863
0 0 0 0
0 0 0 0
0 0 0 0
0 0 0 0
1 57 0 0
0 0 1 54
0 0 0 0
0 0 0 0
2 104 2 104
0 0 0 0
5 1132 7 1543
9 5117 10 4483
4 208 4 208
1 57 1 54
0 0 0 0
0 0 0 0
1 52 1 52
0 0 0 0
0 0 0 0
2 123 2 214
1 52 1 52
0 0 0 0
0 0 0 0
0 0 0 0
1 52 1 52
1 57 1 54
0 0 0 0
4 208 4 160
1 52 1 52
1 52 1 40
0 0 0 0
0 0 0 0
0 0 0 0
0 0 0 0
1 57 1 54
0 0 0 0
0 0 0 0
0 0 0 0
0 0 0 0
1 61 1 108
7 2618 6 1395
0 0 0 0
0 0 0 0
0 0 0 0
0 0 0 0
0 0 0 0
1 473 0 0
3 191 4 1212
0 0 0 0
0 0 0 0
0 0 0 0
10 6396 12 5832
0 0 0 0
2 104 2 104
0 0 0 0
1 57 1 54
0 0 0 0
4 208 4 208
0 0 0 0
20 7780 21 7892
3 260 5 493
1 52 1 52
0 0 0 0
0 0 0 0
0 0 0 0
4 285 4 266
0 0 0 0
0 0 0 0
0 0 0 0
1 52 1 52
0 0 0 0
0 0 0 0
0 0 0 0
1 52 1 52
1 57 1 54
0 0 0 0
0 0 0 0
0 0 0 0
0 0 0 0
1 61 1 107
1 57 1 54
0 0 0 0
0 0 0 0
10 4826 14 7416
0 0 0 0
1 129 0 0
1 63 3 284
0 0 0 0
0 0 0 0
0 0 0 0
0 0 0 0
3 859 4 271
0 0 0 0
0 0 0 0
1 57 1 54
0 0 0 0
0 0 0 0
0 0 0 0
2 104 2 104
0 0 0 0
1 61 1 108
0 0 0 0
4 208 4 208
0 0 0 0
0 0 0 0
0 0 0 0
2 109 1 52
0 0 1 54
0 0 0 0
0 0 0 0
1 52 1 52
0 0 0 0
5 260 4 354
2 104 2 177
8 416 7 583
1 57 1 54
0 0 0 0
0 0 0 0
1 52 1 52
0 0 0 0
15 7472 19 9007
15 5566 18 6582
0 0 0 0
