1 57 1 54
12 6237 17 7672
0 0 0 0
0 0 0 0
0 0 0 0
1 61 1 108
3 252 4 328
0 0 0 0
0 0 0 0
0 0 0 0
0 0 0 0
0 0 0 0
0 0 0 0
0 0 0 0
0 0 0 0
0 0 0 0
0 0 0 0
0 0 0 0
0 0 0 0
0 0 0 0
1 57 1 54
0 0 0 0
2 808 3 206
0 0 0 0
0 0 0 0
0 0 0 0
16 7975 20 7914
0 0 0 0
0 0 0 0
0 0 0 0
1 52 1 52
122 24849 202 234050
9 698 17 18526
0 0 0 0
0 0 0 0
0 0 0 0
0 0 0 0
0 0 0 0
0 0 0 0
0 0 0 0
0 0 0 0
1 57 1 54
0 0 0 0
0 0 0 0
0 0 0 0
0 0 0 0
1 61 1 107
0 0 0 0
0 0 0 0
0 0 0 0
0 0 0 0
0 0 0 0
0 0 0 0
0 0 0 0
0 0 0 0
0 0 0 0
0 0 0 0
0 0 0 0
0 0 0 0
0 0 0 0
0 0 0 0
1 57 1 54
9 5130 11 4529
0 0 0 0
0 0 0 0
4 436 4 1201
10 3611 14 6246
0 0 0 0
0 0 0 0
0 0 0 0
22 5031 18 11973
488 704572 310 18542
1068 1546832 718 39836
151 218385 127 6868
1 52 1 811
36 6976 57 59368
29 14904 37 14301
0 0 0 0
0 0 0 0
0 0 0 0
0 0 0 0
0 0 0 0
0 0 0 0
0 0 0 0
0 0 0 0
28 1979 72 88989
0 0 0 0
1 61 1 107
0 0 0 0
15 1487 82 97942
0 0 0 0
0 0 0 0
0 0 0 0
0 0 0 0
0 0 0 0
0 0 0 0
0 0 0 0
0 0 0 0
0 0 0 0
0 0 0 0
0 0 0 0
0 0 0 0
12 6664 14 6220
169 27396 428 513418
9 1238 11 9050
3 341 9 4986
0 0 0 0
1 61 1 108
9 1919 17 11313
6 4260 4 284
0 0 0 0
3 336 15 17358
155 16684 937 1181049
4 2925 4 437
0 0 0 0
0 0 0 0
60 6400 439 557825
0 0 0 0
0 0 0 0
0 0 0 0
0 0 0 0
200 17299 265 334045
58 9926 336 399728
1 57 2 109
0 0 0 0
0 0 0 0
59 6286 531 677488
31 4648 218 267079
16 5808 18 6551
0 0 0 0
0 0 0 0
0 0 0 0
3 891 4 257
0 0 0 0
88 8074 798 1016892
0 0 0 0
0 0 0 0
0 0 0 0
0 0 0 0
0 0 0 0
69 6914 615 782840
0 0 0 0
0 0 0 0
1 57 1 54
11 3346 82 102442
114 7242 529 672507
0 0 0 0
0 0 0 0
0 0 0 0
1 61 1 107
168 13449 583 741682
13 794 128 161977
0 0 0 0
0 0 0 0
0 0 0 0
0 0 0 0
111 19111 862 1081360
4 246 38 47824
0 0 0 0
0 0 0 0
0 0 0 0
0 0 0 0
0 0 0 0
133 11053 787 1000395
0 0 0 0
0 0 0 0
0 0 0 0
124 10434 695 882345
11 6507 12 6084
5 269 3 212
0 0 0 0
105 9199 910 1159381
0 0 0 0
0 0 0 0
0 0 0 0
0 0 0 0
0 0 0 0
0 0 0 0
0 0 0 0
57 12709 350 435220
86 5311 750 949917
0 0 0 0
0 0 0 0
0 0 0 0
1 57 1 54
8 4885 7 2573
0 0 0 0
295 21601 921 1162206
0 0 0 0
7 4617 10 4338
97 17082 729 900230
0 0 0 0
0 0 0 0
0 0 0 0
0 0 0 0
0 0 0 0
0 0 0 0
0 0 0 0
54 6022 384 487245
0 0 0 0
0 0 0 0
0 0 0 0
15 3596 100 124777
0 0 0 0
0 0 0 0
1 57 1 54
0 0 0 0
0 0 0 0
9 5090 11 4528
0 0 0 0
1 61 1 107
0 0 0 0
0 0 0 0
0 0 0 0
0 0 0 0
0 0 0 0
0 0 0 0
0 0 0 0
0 0 0 0
0 0 0 0
0 0 0 0
0 0 0 0
0 0 0 0
0 0 0 0
0 0 0 0
1 57 1 54
0 0 0 0
0 0 0 0
0 0 0 0
0 0 0 0
0 0 0 0
1 61 1 108
0 0 0 0
0 0 0 0
0 0 0 0
0 0 0 0
0 0 0 0
0 0 0 0
0 0 0 0
0 0 0 0
0 0 0 0
0 0 0 0
0 0 0 0
9 4682 11 4805
0 0 0 0
0 0 0 0
1 57 1 54
0 0 0 0
11 5283 14 4805
0 0 0 0
0 0 0 0
0 0 0 0
16 5958 18 6547
0 0 0 0
0 0 0 0
0 0 0 0
0 0 0 0
0 0 0 0
0 0 0 0
0 0 0 0
0 0 0 0
0 0 0 0
0 0 0 0
0 0 0 0
0 0 0 0
0 0 0 0
0 0 0 0
1 57 1 54
0 0 0 0
0 0 0 0
0 0 0 0
0 0 0 0
0 0 0 0
1 62 2 214
0 0 0 0
0 0 0 0
0 0 0 0
4 1527 5 1610
0 0 0 0
0 0 0 0
0 0 0 0
0 0 0 0
0 0 0 0
0 0 0 0
0 0 0 0
0 0 0 0
0 0 0 0
0 0 0 0
10 5146 12 4584
0 0 0 0
0 0 0 0
0 0 0 0
10 5045 12 8398
